alg,SUT,rep,# unix_time, unique_crashes, unique_hangs, execs_per_sec
AFLfast,xmllint,10,1624045709, 0, 0, 11.21
AFLfast,xmllint,10,1624045719, 0, 0, 13.53
AFLfast,xmllint,10,1624045724, 0, 0, 14.87
AFLfast,xmllint,10,1624045729, 0, 0, 15.08
AFLfast,xmllint,10,1624045735, 0, 0, 15.99
AFLfast,xmllint,10,1624045740, 0, 0, 35.87
AFLfast,xmllint,10,1624045745, 0, 0, 23.06
AFLfast,xmllint,10,1624045750, 0, 0, 18.20
AFLfast,xmllint,10,1624045755, 0, 0, 16.38
AFLfast,xmllint,10,1624045760, 0, 0, 13.49
AFLfast,xmllint,10,1624045766, 0, 0, 10.35
AFLfast,xmllint,10,1624045771, 0, 0, 8.45
AFLfast,xmllint,10,1624045776, 0, 0, 8.53
AFLfast,xmllint,10,1624045781, 0, 0, 8.64
AFLfast,xmllint,10,1624045786, 0, 0, 8.65
AFLfast,xmllint,10,1624045792, 0, 0, 8.18
AFLfast,xmllint,10,1624045797, 0, 0, 7.98
AFLfast,xmllint,10,1624045803, 0, 0, 8.10
AFLfast,xmllint,10,1624045808, 0, 0, 7.91
AFLfast,xmllint,10,1624045813, 0, 0, 8.21
AFLfast,xmllint,10,1624045818, 0, 0, 8.12
AFLfast,xmllint,10,1624045823, 0, 0, 8.10
AFLfast,xmllint,10,1624045828, 0, 0, 8.13
AFLfast,xmllint,10,1624045834, 0, 0, 8.49
AFLfast,xmllint,10,1624045839, 0, 0, 8.68
AFLfast,xmllint,10,1624045844, 0, 0, 8.30
AFLfast,xmllint,10,1624045849, 0, 0, 8.43
AFLfast,xmllint,10,1624045855, 0, 0, 8.23
AFLfast,xmllint,10,1624045860, 0, 0, 8.28
AFLfast,xmllint,10,1624045865, 0, 0, 8.41
AFLfast,xmllint,10,1624045870, 0, 0, 8.71
AFLfast,xmllint,10,1624045875, 0, 0, 8.43
AFLfast,xmllint,10,1624045880, 0, 0, 8.88
AFLfast,xmllint,10,1624045886, 0, 0, 8.59
AFLfast,xmllint,10,1624045891, 0, 0, 8.43
AFLfast,xmllint,10,1624045896, 0, 0, 8.29
AFLfast,xmllint,10,1624045901, 0, 0, 8.22
AFLfast,xmllint,10,1624045907, 0, 0, 8.60
AFLfast,xmllint,10,1624045912, 0, 0, 9.09
AFLfast,xmllint,10,1624045917, 0, 0, 8.81
AFLfast,xmllint,10,1624045922, 0, 0, 7.89
AFLfast,xmllint,10,1624045927, 0, 0, 8.36
AFLfast,xmllint,10,1624045932, 0, 0, 8.34
AFLfast,xmllint,10,1624045937, 0, 0, 8.00
AFLfast,xmllint,10,1624045942, 0, 0, 8.14
AFLfast,xmllint,10,1624045948, 0, 0, 8.04
AFLfast,xmllint,10,1624045953, 0, 0, 8.60
AFLfast,xmllint,10,1624045958, 0, 0, 8.25
AFLfast,xmllint,10,1624045963, 0, 0, 8.66
AFLfast,xmllint,10,1624045968, 0, 0, 8.34
AFLfast,xmllint,10,1624045974, 0, 0, 8.35
AFLfast,xmllint,10,1624045979, 0, 0, 8.48
AFLfast,xmllint,10,1624045984, 0, 0, 8.66
AFLfast,xmllint,10,1624045989, 0, 0, 8.57
AFLfast,xmllint,10,1624045999, 0, 0, 8.57
AFLfast,xmllint,10,1624046009, 0, 0, 8.43
AFLfast,xmllint,10,1624046015, 0, 0, 8.71
AFLfast,xmllint,10,1624046020, 0, 0, 8.63
AFLfast,xmllint,10,1624046025, 0, 0, 8.44
AFLfast,xmllint,10,1624046030, 0, 0, 8.55
AFLfast,xmllint,10,1624046041, 0, 0, 8.51
AFLfast,xmllint,10,1624046046, 0, 0, 8.34
AFLfast,xmllint,10,1624046051, 0, 0, 8.07
AFLfast,xmllint,10,1624046056, 0, 0, 8.47
AFLfast,xmllint,10,1624046061, 0, 0, 7.97
AFLfast,xmllint,10,1624046066, 0, 0, 8.08
AFLfast,xmllint,10,1624046071, 0, 0, 7.96
AFLfast,xmllint,10,1624046076, 0, 0, 8.84
AFLfast,xmllint,10,1624046087, 0, 0, 8.57
AFLfast,xmllint,10,1624046092, 0, 0, 8.17
AFLfast,xmllint,10,1624046097, 0, 0, 7.88
AFLfast,xmllint,10,1624046112, 0, 0, 9.09
AFLfast,xmllint,10,1624046117, 0, 0, 8.72
AFLfast,xmllint,10,1624046123, 0, 0, 9.11
AFLfast,xmllint,10,1624046128, 0, 0, 9.32
AFLfast,xmllint,10,1624046133, 0, 0, 9.00
AFLfast,xmllint,10,1624046144, 0, 0, 8.53
AFLfast,xmllint,10,1624046149, 0, 0, 8.57
AFLfast,xmllint,10,1624046154, 0, 0, 8.87
AFLfast,xmllint,10,1624046159, 0, 0, 8.22
AFLfast,xmllint,10,1624046169, 0, 0, 8.19
AFLfast,xmllint,10,1624046174, 0, 0, 8.32
AFLfast,xmllint,10,1624046185, 0, 0, 8.74
AFLfast,xmllint,10,1624046190, 0, 0, 8.99
AFLfast,xmllint,10,1624046195, 0, 0, 8.74
AFLfast,xmllint,10,1624046247, 0, 0, 8.43
AFLfast,xmllint,10,1624046252, 0, 0, 8.57
AFLfast,xmllint,10,1624046262, 0, 0, 8.79
AFLfast,xmllint,10,1624046268, 0, 0, 8.35
AFLfast,xmllint,10,1624046273, 0, 0, 8.56
AFLfast,xmllint,10,1624046283, 0, 0, 8.54
AFLfast,xmllint,10,1624046293, 0, 0, 8.01
AFLfast,xmllint,10,1624046304, 0, 0, 8.48
AFLfast,xmllint,10,1624046319, 0, 0, 8.49
AFLfast,xmllint,10,1624046340, 0, 0, 8.00
AFLfast,xmllint,10,1624046345, 0, 0, 8.25
AFLfast,xmllint,10,1624046351, 0, 0, 8.18
AFLfast,xmllint,10,1624046356, 0, 0, 8.75
AFLfast,xmllint,10,1624046361, 0, 0, 8.34
AFLfast,xmllint,10,1624046372, 0, 0, 8.02
AFLfast,xmllint,10,1624046392, 0, 0, 8.56
AFLfast,xmllint,10,1624046397, 0, 0, 8.76
AFLfast,xmllint,10,1624046402, 0, 0, 8.76
AFLfast,xmllint,10,1624046407, 0, 0, 9.31
AFLfast,xmllint,10,1624046413, 0, 0, 8.79
AFLfast,xmllint,10,1624046423, 0, 0, 8.74
AFLfast,xmllint,10,1624046434, 0, 0, 8.75
AFLfast,xmllint,10,1624046444, 0, 0, 8.49
AFLfast,xmllint,10,1624046449, 0, 0, 8.65
AFLfast,xmllint,10,1624046454, 0, 0, 8.43
AFLfast,xmllint,10,1624046459, 0, 0, 13.17
AFLfast,xmllint,10,1624046464, 0, 0, 10.84
AFLfast,xmllint,10,1624046470, 0, 0, 9.27
AFLfast,xmllint,10,1624046496, 0, 0, 7.71
AFLfast,xmllint,10,1624046516, 0, 0, 8.95
AFLfast,xmllint,10,1624046522, 0, 0, 8.74
AFLfast,xmllint,10,1624046532, 0, 0, 8.64
AFLfast,xmllint,10,1624046542, 0, 0, 8.16
AFLfast,xmllint,10,1624046558, 0, 0, 8.47
AFLfast,xmllint,10,1624046568, 0, 0, 8.86
AFLfast,xmllint,10,1624046584, 0, 0, 8.17
AFLfast,xmllint,10,1624046615, 0, 0, 8.48
AFLfast,xmllint,10,1624046620, 0, 0, 8.68
AFLfast,xmllint,10,1624046625, 0, 0, 8.40
AFLfast,xmllint,10,1624046641, 0, 0, 8.78
AFLfast,xmllint,10,1624046661, 0, 0, 8.54
AFLfast,xmllint,10,1624046666, 0, 0, 8.89
AFLfast,xmllint,10,1624046698, 0, 0, 8.58
AFLfast,xmllint,10,1624046703, 0, 0, 8.71
AFLfast,xmllint,10,1624046708, 0, 0, 8.88
AFLfast,xmllint,10,1624046714, 0, 0, 8.93
AFLfast,xmllint,10,1624046719, 0, 0, 8.32
AFLfast,xmllint,10,1624046724, 0, 0, 8.16
AFLfast,xmllint,10,1624046729, 0, 0, 8.18
AFLfast,xmllint,10,1624046739, 0, 0, 8.87
AFLfast,xmllint,10,1624046744, 0, 0, 8.53
AFLfast,xmllint,10,1624046749, 0, 0, 8.89
AFLfast,xmllint,10,1624046770, 0, 0, 8.56
AFLfast,xmllint,10,1624046775, 0, 0, 8.59
AFLfast,xmllint,10,1624046781, 0, 0, 9.08
AFLfast,xmllint,10,1624046786, 0, 0, 8.60
AFLfast,xmllint,10,1624046890, 0, 0, 9.72
AFLfast,xmllint,10,1624046895, 0, 0, 9.46
AFLfast,xmllint,10,1624046900, 0, 0, 8.35
AFLfast,xmllint,10,1624046927, 0, 0, 7.89
AFLfast,xmllint,10,1624046932, 0, 0, 7.69
AFLfast,xmllint,10,1624046938, 0, 0, 8.52
AFLfast,xmllint,10,1624046943, 0, 0, 8.00
AFLfast,xmllint,10,1624046949, 0, 0, 7.95
AFLfast,xmllint,10,1624046954, 0, 0, 8.10
AFLfast,xmllint,10,1624046959, 0, 0, 7.39
AFLfast,xmllint,10,1624046975, 0, 0, 8.11
AFLfast,xmllint,10,1624046980, 0, 0, 8.79
AFLfast,xmllint,10,1624047027, 0, 0, 8.33
AFLfast,xmllint,10,1624047037, 0, 0, 8.08
AFLfast,xmllint,10,1624047043, 0, 0, 8.37
AFLfast,xmllint,10,1624047053, 0, 0, 8.24
AFLfast,xmllint,10,1624047058, 0, 0, 8.25
AFLfast,xmllint,10,1624047064, 0, 0, 8.75
AFLfast,xmllint,10,1624047079, 0, 0, 8.82
AFLfast,xmllint,10,1624047131, 0, 0, 8.54
AFLfast,xmllint,10,1624047177, 0, 0, 9.10
AFLfast,xmllint,10,1624047183, 0, 0, 8.42
AFLfast,xmllint,10,1624047219, 0, 0, 9.01
AFLfast,xmllint,10,1624047453, 0, 0, 8.44
AFLfast,xmllint,10,1624047479, 0, 0, 8.88
AFLfast,xmllint,10,1624047615, 0, 0, 8.44
AFLfast,xmllint,10,1624047657, 0, 0, 8.55
AFLfast,xmllint,10,1624047797, 0, 0, 8.52
AFLfast,xmllint,10,1624047985, 0, 0, 8.07
AFLfast,xmllint,10,1624048117, 0, 0, 6.56
AFLfast,xmllint,10,1624048122, 0, 0, 7.65
AFLfast,xmllint,10,1624048188, 0, 0, 9.06
AFLfast,xmllint,10,1624048338, 0, 0, 8.72
AFLfast,xmllint,10,1624048469, 0, 0, 9.23
AFLfast,xmllint,10,1624048531, 0, 0, 9.20
AFLfast,xmllint,10,1624048542, 0, 0, 9.57
AFLfast,xmllint,10,1624048547, 0, 0, 8.60
AFLfast,xmllint,10,1624048552, 0, 0, 8.98
AFLfast,xmllint,10,1624048572, 0, 0, 9.45
AFLfast,xmllint,10,1624048635, 0, 0, 8.74
AFLfast,xmllint,10,1624048657, 0, 0, 8.59
AFLfast,xmllint,10,1624048667, 0, 0, 8.73
AFLfast,xmllint,10,1624048673, 0, 0, 8.72
AFLfast,xmllint,10,1624048678, 0, 0, 8.26
AFLfast,xmllint,10,1624048698, 0, 0, 9.45
AFLfast,xmllint,10,1624048704, 0, 0, 9.83
AFLfast,xmllint,10,1624048709, 0, 0, 10.69
AFLfast,xmllint,10,1624048719, 0, 0, 9.64
AFLfast,xmllint,10,1624048756, 0, 0, 9.70
AFLfast,xmllint,10,1624048856, 0, 0, 9.53
AFLfast,xmllint,10,1624048876, 0, 0, 9.43
AFLfast,xmllint,10,1624048882, 0, 0, 9.21
AFLfast,xmllint,10,1624049080, 0, 0, 8.32
AFLfast,xmllint,10,1624049133, 0, 0, 9.47
AFLfast,xmllint,10,1624049138, 0, 0, 9.13
AFLfast,xmllint,10,1624049293, 0, 0, 8.92
AFLfast,xmllint,10,1624049303, 0, 0, 8.31
AFLfast,xmllint,10,1624049308, 0, 0, 8.42
AFLfast,xmllint,10,1624049323, 0, 0, 8.43
AFLfast,xmllint,10,1624049391, 0, 0, 8.56
AFLfast,xmllint,10,1624049485, 0, 0, 10.00
AFLfast,xmllint,10,1624049490, 0, 0, 9.82
AFLfast,xmllint,10,1624049531, 0, 0, 9.85
AFLfast,xmllint,10,1624049729, 0, 0, 9.29
AFLfast,xmllint,10,1624049765, 0, 0, 8.95
AFLfast,xmllint,10,1624049979, 0, 0, 9.08
AFLfast,xmllint,10,1624050201, 0, 0, 8.88
AFLfast,xmllint,10,1624050460, 0, 0, 8.10
AFLfast,xmllint,10,1624050465, 0, 0, 7.77
AFLfast,xmllint,10,1624050476, 0, 0, 7.96
AFLfast,xmllint,10,1624050491, 0, 0, 8.58
AFLfast,xmllint,10,1624050496, 0, 0, 8.29
AFLfast,xmllint,10,1624050753, 0, 0, 8.96
AFLfast,xmllint,10,1624050758, 0, 0, 8.37
AFLfast,xmllint,10,1624050774, 0, 0, 8.25
AFLfast,xmllint,10,1624050779, 0, 0, 8.87
AFLfast,xmllint,10,1624050800, 0, 0, 8.82
AFLfast,xmllint,10,1624050805, 0, 0, 8.76
AFLfast,xmllint,10,1624050826, 0, 0, 8.29
AFLfast,xmllint,10,1624050877, 0, 0, 8.37
AFLfast,xmllint,10,1624050882, 0, 0, 8.03
AFLfast,xmllint,10,1624050888, 0, 0, 7.48
AFLfast,xmllint,10,1624050893, 0, 0, 7.69
AFLfast,xmllint,10,1624050898, 0, 0, 7.82
AFLfast,xmllint,10,1624050903, 0, 0, 8.38
AFLfast,xmllint,10,1624050908, 0, 0, 7.79
AFLfast,xmllint,10,1624050914, 0, 0, 7.85
AFLfast,xmllint,10,1624050919, 0, 0, 7.46
AFLfast,xmllint,10,1624050924, 0, 0, 8.49
AFLfast,xmllint,10,1624050929, 0, 0, 7.43
AFLfast,xmllint,10,1624050935, 0, 0, 8.22
AFLfast,xmllint,10,1624050940, 0, 0, 7.31
AFLfast,xmllint,10,1624050945, 0, 0, 7.53
AFLfast,xmllint,10,1624050951, 0, 0, 7.14
AFLfast,xmllint,10,1624050956, 0, 0, 7.16
AFLfast,xmllint,10,1624050966, 0, 0, 6.77
AFLfast,xmllint,10,1624050976, 0, 0, 6.35
AFLfast,xmllint,10,1624050982, 0, 0, 7.06
AFLfast,xmllint,10,1624050987, 0, 0, 7.26
AFLfast,xmllint,10,1624050992, 0, 0, 6.73
AFLfast,xmllint,10,1624050998, 0, 0, 7.16
AFLfast,xmllint,10,1624051003, 0, 0, 7.47
AFLfast,xmllint,10,1624051008, 0, 0, 8.40
AFLfast,xmllint,10,1624051013, 0, 0, 8.55
AFLfast,xmllint,10,1624051023, 0, 0, 7.68
AFLfast,xmllint,10,1624051028, 0, 0, 8.18
AFLfast,xmllint,10,1624051034, 0, 0, 7.89
AFLfast,xmllint,10,1624051039, 0, 0, 8.24
AFLfast,xmllint,10,1624051044, 0, 0, 8.12
AFLfast,xmllint,10,1624051054, 0, 0, 8.46
AFLfast,xmllint,10,1624051060, 0, 0, 8.16
AFLfast,xmllint,10,1624051070, 0, 0, 8.04
AFLfast,xmllint,10,1624051075, 0, 0, 7.97
AFLfast,xmllint,10,1624051080, 0, 0, 7.70
AFLfast,xmllint,10,1624051090, 0, 0, 8.05
AFLfast,xmllint,10,1624051096, 0, 0, 8.49
AFLfast,xmllint,10,1624051106, 0, 0, 11.30
AFLfast,xmllint,10,1624051111, 0, 0, 9.81
AFLfast,xmllint,10,1624051117, 0, 0, 8.89
AFLfast,xmllint,10,1624051122, 0, 0, 8.35
AFLfast,xmllint,10,1624051127, 0, 0, 8.15
AFLfast,xmllint,10,1624051132, 0, 0, 8.13
AFLfast,xmllint,10,1624051138, 0, 0, 7.98
AFLfast,xmllint,10,1624051143, 0, 0, 8.16
AFLfast,xmllint,10,1624051149, 0, 0, 8.19
AFLfast,xmllint,10,1624051154, 0, 0, 7.70
AFLfast,xmllint,10,1624051159, 0, 0, 7.03
AFLfast,xmllint,10,1624051164, 0, 0, 8.17
AFLfast,xmllint,10,1624051169, 0, 0, 7.64
AFLfast,xmllint,10,1624051175, 0, 0, 8.07
AFLfast,xmllint,10,1624051180, 0, 0, 7.95
AFLfast,xmllint,10,1624051185, 0, 0, 7.90
AFLfast,xmllint,10,1624051190, 0, 0, 8.04
AFLfast,xmllint,10,1624051195, 0, 0, 8.07
AFLfast,xmllint,10,1624051200, 0, 0, 7.97
AFLfast,xmllint,10,1624051206, 0, 0, 8.07
AFLfast,xmllint,10,1624051211, 0, 0, 8.44
AFLfast,xmllint,10,1624051221, 0, 0, 7.99
AFLfast,xmllint,10,1624051227, 0, 0, 7.26
AFLfast,xmllint,10,1624051237, 0, 0, 0.00
AFLfast,xmllint,10,1624051243, 0, 0, 6.43
AFLfast,xmllint,10,1624051249, 0, 0, 0.63
AFLfast,xmllint,10,1624051254, 0, 0, 4.26
AFLfast,xmllint,10,1624051259, 0, 0, 4.89
AFLfast,xmllint,10,1624051264, 0, 0, 5.66
AFLfast,xmllint,10,1624051270, 0, 0, 6.16
AFLfast,xmllint,10,1624051275, 0, 0, 4.32
AFLfast,xmllint,10,1624051280, 0, 0, 6.03
AFLfast,xmllint,10,1624051285, 0, 0, 6.01
AFLfast,xmllint,10,1624051290, 0, 0, 7.05
AFLfast,xmllint,10,1624051296, 0, 0, 6.99
AFLfast,xmllint,10,1624051301, 0, 0, 7.68
AFLfast,xmllint,10,1624051306, 0, 0, 7.30
AFLfast,xmllint,10,1624051322, 0, 0, 7.55
AFLfast,xmllint,10,1624051327, 0, 0, 7.85
AFLfast,xmllint,10,1624051332, 0, 0, 7.79
AFLfast,xmllint,10,1624051337, 0, 0, 12.05
AFLfast,xmllint,10,1624051342, 0, 0, 9.77
AFLfast,xmllint,10,1624051353, 0, 0, 8.10
AFLfast,xmllint,10,1624051363, 0, 0, 8.24
AFLfast,xmllint,10,1624051368, 0, 0, 8.10
AFLfast,xmllint,10,1624051373, 0, 0, 8.02
AFLfast,xmllint,10,1624051383, 0, 0, 8.05
AFLfast,xmllint,10,1624051389, 0, 0, 8.52
AFLfast,xmllint,10,1624051395, 0, 0, 8.39
AFLfast,xmllint,10,1624051400, 0, 0, 7.95
AFLfast,xmllint,10,1624051405, 0, 0, 7.35
AFLfast,xmllint,10,1624051410, 0, 0, 8.45
AFLfast,xmllint,10,1624051426, 0, 0, 8.09
AFLfast,xmllint,10,1624051431, 0, 0, 7.95
AFLfast,xmllint,10,1624051441, 0, 0, 8.55
AFLfast,xmllint,10,1624051446, 0, 0, 7.88
AFLfast,xmllint,10,1624051452, 0, 0, 8.14
AFLfast,xmllint,10,1624051457, 0, 0, 8.55
AFLfast,xmllint,10,1624051462, 0, 0, 8.44
AFLfast,xmllint,10,1624051478, 0, 0, 7.72
AFLfast,xmllint,10,1624051488, 0, 0, 8.83
AFLfast,xmllint,10,1624051494, 0, 0, 8.87
AFLfast,xmllint,10,1624051504, 0, 0, 8.36
AFLfast,xmllint,10,1624051514, 0, 0, 8.02
AFLfast,xmllint,10,1624051530, 0, 0, 8.86
AFLfast,xmllint,10,1624051540, 0, 0, 9.10
AFLfast,xmllint,10,1624051550, 0, 0, 7.93
AFLfast,xmllint,10,1624051556, 0, 0, 8.41
AFLfast,xmllint,10,1624051566, 0, 0, 8.30
AFLfast,xmllint,10,1624051576, 0, 0, 8.55
AFLfast,xmllint,10,1624051592, 0, 0, 8.89
AFLfast,xmllint,10,1624051612, 0, 0, 7.82
AFLfast,xmllint,10,1624051618, 0, 0, 7.77
AFLfast,xmllint,10,1624051623, 0, 0, 7.54
AFLfast,xmllint,10,1624051639, 0, 0, 8.42
AFLfast,xmllint,10,1624051654, 0, 0, 8.82
AFLfast,xmllint,10,1624051665, 0, 0, 8.37
AFLfast,xmllint,10,1624051670, 0, 0, 8.25
AFLfast,xmllint,10,1624051675, 0, 0, 8.67
AFLfast,xmllint,10,1624051701, 0, 0, 8.51
AFLfast,xmllint,10,1624051717, 0, 0, 8.39
AFLfast,xmllint,10,1624051722, 0, 0, 10.56
AFLfast,xmllint,10,1624051727, 0, 0, 8.86
AFLfast,xmllint,10,1624051732, 0, 0, 8.36
AFLfast,xmllint,10,1624051737, 0, 0, 7.76
AFLfast,xmllint,10,1624051748, 0, 0, 8.27
AFLfast,xmllint,10,1624051753, 0, 0, 8.58
AFLfast,xmllint,10,1624051763, 0, 0, 8.35
AFLfast,xmllint,10,1624051773, 0, 0, 8.16
AFLfast,xmllint,10,1624051820, 0, 0, 8.71
AFLfast,xmllint,10,1624051846, 0, 0, 8.33
AFLfast,xmllint,10,1624051856, 0, 0, 8.33
AFLfast,xmllint,10,1624051866, 0, 0, 8.31
AFLfast,xmllint,10,1624051882, 0, 0, 8.12
AFLfast,xmllint,10,1624051887, 0, 0, 8.01
AFLfast,xmllint,10,1624051903, 0, 0, 9.54
AFLfast,xmllint,10,1624051908, 0, 0, 9.47
AFLfast,xmllint,10,1624051913, 0, 0, 8.34
AFLfast,xmllint,10,1624051918, 0, 0, 8.82
AFLfast,xmllint,10,1624051929, 0, 0, 9.30
AFLfast,xmllint,10,1624051934, 0, 0, 8.43
AFLfast,xmllint,10,1624051939, 0, 0, 9.03
AFLfast,xmllint,10,1624051944, 0, 0, 8.82
AFLfast,xmllint,10,1624051950, 0, 0, 8.06
AFLfast,xmllint,10,1624051985, 0, 0, 8.30
AFLfast,xmllint,10,1624051996, 0, 0, 8.61
AFLfast,xmllint,10,1624052032, 0, 0, 8.66
AFLfast,xmllint,10,1624052037, 0, 0, 8.66
AFLfast,xmllint,10,1624052042, 0, 0, 8.08
AFLfast,xmllint,10,1624052053, 0, 0, 9.19
AFLfast,xmllint,10,1624052058, 0, 0, 9.12
AFLfast,xmllint,10,1624052074, 0, 0, 8.88
AFLfast,xmllint,10,1624052205, 0, 0, 8.64
AFLfast,xmllint,10,1624052210, 0, 0, 8.44
AFLfast,xmllint,10,1624052226, 0, 0, 8.20
AFLfast,xmllint,10,1624052236, 0, 0, 9.01
AFLfast,xmllint,10,1624052241, 0, 0, 9.05
AFLfast,xmllint,10,1624052257, 0, 0, 8.86
AFLfast,xmllint,10,1624052267, 0, 0, 8.80
AFLfast,xmllint,10,1624052560, 0, 0, 8.32
AFLfast,xmllint,10,1624052565, 0, 0, 8.52
AFLfast,xmllint,10,1624052711, 0, 0, 7.92
AFLfast,xmllint,10,1624052944, 0, 0, 8.61
AFLfast,xmllint,10,1624053140, 0, 0, 8.69
AFLfast,xmllint,10,1624053284, 0, 0, 8.39
AFLfast,xmllint,10,1624053762, 0, 0, 16.33
AFLfast,xmllint,10,1624054295, 0, 0, 16.97
AFLfast,xmllint,10,1624054332, 0, 0, 16.66
AFLfast,xmllint,10,1624054389, 0, 0, 16.82
AFLfast,xmllint,10,1624054410, 0, 0, 17.28
AFLfast,xmllint,10,1624054492, 0, 0, 16.42
AFLfast,xmllint,10,1624054507, 0, 0, 16.75
AFLfast,xmllint,10,1624055114, 0, 0, 16.50
AFLfast,xmllint,10,1624055124, 0, 0, 18.16
AFLfast,xmllint,10,1624056005, 0, 0, 16.01
AFLfast,xmllint,10,1624056016, 0, 0, 16.11
AFLfast,xmllint,10,1624056031, 0, 0, 16.16
AFLfast,xmllint,10,1624056187, 0, 0, 15.50
AFLfast,xmllint,10,1624056192, 0, 0, 14.92
AFLfast,xmllint,10,1624056197, 0, 0, 14.66
AFLfast,xmllint,10,1624056203, 0, 0, 15.00
AFLfast,xmllint,10,1624056208, 0, 0, 15.75
AFLfast,xmllint,10,1624056213, 0, 0, 15.30
AFLfast,xmllint,10,1624056218, 0, 0, 8.19
AFLfast,xmllint,10,1624056223, 0, 0, 12.66
AFLfast,xmllint,10,1624056228, 0, 0, 9.99
AFLfast,xmllint,10,1624056233, 0, 0, 8.57
AFLfast,xmllint,10,1624056239, 0, 0, 8.28
AFLfast,xmllint,10,1624056249, 0, 0, 7.87
AFLfast,xmllint,10,1624056264, 0, 0, 7.68
AFLfast,xmllint,10,1624056275, 0, 0, 7.43
AFLfast,xmllint,10,1624056280, 0, 0, 7.57
AFLfast,xmllint,10,1624056285, 0, 0, 7.61
AFLfast,xmllint,10,1624056295, 0, 0, 7.91
AFLfast,xmllint,10,1624056321, 0, 0, 7.62
AFLfast,xmllint,10,1624056326, 0, 0, 7.43
AFLfast,xmllint,10,1624056331, 0, 0, 7.76
AFLfast,xmllint,10,1624056337, 0, 0, 7.58
AFLfast,xmllint,10,1624056342, 0, 0, 7.53
AFLfast,xmllint,10,1624056347, 0, 0, 8.10
AFLfast,xmllint,10,1624056357, 0, 0, 7.76
AFLfast,xmllint,10,1624056368, 0, 0, 7.29
AFLfast,xmllint,10,1624056373, 0, 0, 7.64
AFLfast,xmllint,10,1624056378, 0, 0, 7.51
AFLfast,xmllint,10,1624056383, 0, 0, 8.12
AFLfast,xmllint,10,1624056399, 0, 0, 7.83
AFLfast,xmllint,10,1624056404, 0, 0, 7.64
AFLfast,xmllint,10,1624056409, 0, 0, 7.57
AFLfast,xmllint,10,1624056414, 0, 0, 7.43
AFLfast,xmllint,10,1624056419, 0, 0, 7.84
AFLfast,xmllint,10,1624056425, 0, 0, 7.84
AFLfast,xmllint,10,1624056430, 0, 0, 7.94
AFLfast,xmllint,10,1624056435, 0, 0, 7.90
AFLfast,xmllint,10,1624056440, 0, 0, 7.83
AFLfast,xmllint,10,1624056451, 0, 0, 7.49
AFLfast,xmllint,10,1624056456, 0, 0, 7.63
AFLfast,xmllint,10,1624056477, 0, 0, 7.42
AFLfast,xmllint,10,1624056492, 0, 0, 7.86
AFLfast,xmllint,10,1624056497, 0, 0, 7.33
AFLfast,xmllint,10,1624056503, 0, 0, 7.59
AFLfast,xmllint,10,1624056508, 0, 0, 7.44
AFLfast,xmllint,10,1624056528, 0, 0, 7.36
AFLfast,xmllint,10,1624056534, 0, 0, 7.50
AFLfast,xmllint,10,1624056539, 0, 0, 7.86
AFLfast,xmllint,10,1624056544, 0, 0, 8.03
AFLfast,xmllint,10,1624056565, 0, 0, 6.88
AFLfast,xmllint,10,1624056575, 0, 0, 7.78
AFLfast,xmllint,10,1624056580, 0, 0, 7.43
AFLfast,xmllint,10,1624056585, 0, 0, 7.71
AFLfast,xmllint,10,1624056595, 0, 0, 7.62
AFLfast,xmllint,10,1624056600, 0, 0, 7.86
AFLfast,xmllint,10,1624056616, 0, 0, 7.96
AFLfast,xmllint,10,1624056622, 0, 0, 7.65
AFLfast,xmllint,10,1624056627, 0, 0, 7.56
AFLfast,xmllint,10,1624056632, 0, 0, 7.46
AFLfast,xmllint,10,1624056653, 0, 0, 8.09
AFLfast,xmllint,10,1624056658, 0, 0, 7.95
AFLfast,xmllint,10,1624056668, 0, 0, 7.60
AFLfast,xmllint,10,1624056679, 0, 0, 7.49
AFLfast,xmllint,10,1624056689, 0, 0, 7.22
AFLfast,xmllint,10,1624056705, 0, 0, 7.45
AFLfast,xmllint,10,1624056720, 0, 0, 7.95
AFLfast,xmllint,10,1624056731, 0, 0, 7.99
AFLfast,xmllint,10,1624056751, 0, 0, 7.69
AFLfast,xmllint,10,1624056757, 0, 0, 7.31
AFLfast,xmllint,10,1624056767, 0, 0, 7.71
AFLfast,xmllint,10,1624056808, 0, 0, 7.21
AFLfast,xmllint,10,1624056824, 0, 0, 0.00
AFLfast,xmllint,10,1624056840, 0, 0, 6.47
AFLfast,xmllint,10,1624056846, 0, 0, 1.64
AFLfast,xmllint,10,1624056851, 0, 0, 2.64
AFLfast,xmllint,10,1624056862, 0, 0, 5.24
AFLfast,xmllint,10,1624056877, 0, 0, 5.49
AFLfast,xmllint,10,1624056904, 0, 0, 3.88
AFLfast,xmllint,10,1624056909, 0, 0, 5.63
AFLfast,xmllint,10,1624056919, 0, 0, 6.95
AFLfast,xmllint,10,1624056925, 0, 0, 6.95
AFLfast,xmllint,10,1624056950, 0, 0, 7.95
AFLfast,xmllint,10,1624056956, 0, 0, 7.89
AFLfast,xmllint,10,1624056961, 0, 0, 7.70
AFLfast,xmllint,10,1624056971, 0, 0, 7.74
AFLfast,xmllint,10,1624056976, 0, 0, 7.45
AFLfast,xmllint,10,1624056982, 0, 0, 7.48
AFLfast,xmllint,10,1624056997, 0, 0, 7.65
AFLfast,xmllint,10,1624057003, 0, 0, 7.78
AFLfast,xmllint,10,1624057008, 0, 0, 8.16
AFLfast,xmllint,10,1624057024, 0, 0, 1.34
AFLfast,xmllint,10,1624057029, 0, 0, 7.88
AFLfast,xmllint,10,1624057039, 0, 0, 8.00
AFLfast,xmllint,10,1624057044, 0, 0, 7.84
AFLfast,xmllint,10,1624057070, 0, 0, 8.20
AFLfast,xmllint,10,1624057102, 0, 0, 8.08
AFLfast,xmllint,10,1624057107, 0, 0, 8.33
AFLfast,xmllint,10,1624057118, 0, 0, 8.50
AFLfast,xmllint,10,1624057128, 0, 0, 8.37
AFLfast,xmllint,10,1624057159, 0, 0, 7.85
AFLfast,xmllint,10,1624057185, 0, 0, 11.20
AFLfast,xmllint,10,1624057200, 0, 0, 8.50
AFLfast,xmllint,10,1624057205, 0, 0, 8.60
AFLfast,xmllint,10,1624057210, 0, 0, 8.11
AFLfast,xmllint,10,1624057216, 0, 0, 8.77
AFLfast,xmllint,10,1624057221, 0, 0, 8.83
AFLfast,xmllint,10,1624057226, 0, 0, 9.09
AFLfast,xmllint,10,1624057231, 0, 0, 9.12
AFLfast,xmllint,10,1624057236, 0, 0, 9.21
AFLfast,xmllint,10,1624057242, 0, 0, 9.54
AFLfast,xmllint,10,1624057247, 0, 0, 9.29
AFLfast,xmllint,10,1624057252, 0, 0, 8.74
AFLfast,xmllint,10,1624057257, 0, 0, 9.39
AFLfast,xmllint,10,1624057262, 0, 0, 9.27
AFLfast,xmllint,10,1624057267, 0, 0, 10.06
AFLfast,xmllint,10,1624057273, 0, 0, 9.82
AFLfast,xmllint,10,1624057278, 0, 0, 9.64
AFLfast,xmllint,10,1624057283, 0, 0, 8.89
AFLfast,xmllint,10,1624057288, 0, 0, 9.29
AFLfast,xmllint,10,1624057293, 0, 0, 9.77
AFLfast,xmllint,10,1624057298, 0, 0, 9.53
AFLfast,xmllint,10,1624057304, 0, 0, 9.17
AFLfast,xmllint,10,1624057309, 0, 0, 9.31
AFLfast,xmllint,10,1624057314, 0, 0, 9.39
AFLfast,xmllint,10,1624057319, 0, 0, 8.49
AFLfast,xmllint,10,1624057329, 0, 0, 8.84
AFLfast,xmllint,10,1624057335, 0, 0, 9.33
AFLfast,xmllint,10,1624057340, 0, 0, 8.96
AFLfast,xmllint,10,1624057345, 0, 0, 8.50
AFLfast,xmllint,10,1624057350, 0, 0, 8.77
AFLfast,xmllint,10,1624057365, 0, 0, 8.66
AFLfast,xmllint,10,1624057381, 0, 0, 8.43
AFLfast,xmllint,10,1624057386, 0, 0, 8.71
AFLfast,xmllint,10,1624057396, 0, 0, 8.76
AFLfast,xmllint,10,1624057418, 0, 0, 8.47
AFLfast,xmllint,10,1624057423, 0, 0, 8.42
AFLfast,xmllint,10,1624057444, 0, 0, 8.37
AFLfast,xmllint,10,1624057449, 0, 0, 8.22
AFLfast,xmllint,10,1624057454, 0, 0, 8.50
AFLfast,xmllint,10,1624057459, 0, 0, 8.44
AFLfast,xmllint,10,1624057464, 0, 0, 8.50
AFLfast,xmllint,10,1624057475, 0, 0, 8.66
AFLfast,xmllint,10,1624057485, 0, 0, 8.54
AFLfast,xmllint,10,1624057496, 0, 0, 8.31
AFLfast,xmllint,10,1624057501, 0, 0, 8.19
AFLfast,xmllint,10,1624057511, 0, 0, 8.69
AFLfast,xmllint,10,1624057521, 0, 0, 8.62
AFLfast,xmllint,10,1624057542, 0, 0, 9.08
AFLfast,xmllint,10,1624057547, 0, 0, 8.89
AFLfast,xmllint,10,1624057563, 0, 0, 9.29
AFLfast,xmllint,10,1624057578, 0, 0, 9.69
AFLfast,xmllint,10,1624057604, 0, 0, 8.69
AFLfast,xmllint,10,1624057615, 0, 0, 8.94
AFLfast,xmllint,10,1624057620, 0, 0, 8.83
AFLfast,xmllint,10,1624057646, 0, 0, 8.84
AFLfast,xmllint,10,1624057667, 0, 0, 9.05
AFLfast,xmllint,10,1624057672, 0, 0, 9.89
AFLfast,xmllint,10,1624057786, 0, 0, 9.13
AFLfast,xmllint,10,1624057801, 0, 0, 9.07
AFLfast,xmllint,10,1624057812, 0, 0, 9.27
AFLfast,xmllint,10,1624057817, 0, 0, 9.68
AFLfast,xmllint,10,1624057822, 0, 0, 9.25
AFLfast,xmllint,10,1624057827, 0, 0, 9.97
AFLfast,xmllint,10,1624057832, 0, 0, 9.30
AFLfast,xmllint,10,1624057842, 0, 0, 9.26
AFLfast,xmllint,10,1624057847, 0, 0, 9.04
AFLfast,xmllint,10,1624057863, 0, 0, 8.93
AFLfast,xmllint,10,1624057919, 0, 0, 8.74
AFLfast,xmllint,10,1624057971, 0, 0, 8.80
AFLfast,xmllint,10,1624058065, 0, 0, 9.12
AFLfast,xmllint,10,1624058070, 0, 0, 9.45
AFLfast,xmllint,10,1624058075, 0, 0, 9.04
AFLfast,xmllint,10,1624058080, 0, 0, 9.37
AFLfast,xmllint,10,1624058158, 0, 0, 8.53
AFLfast,xmllint,10,1624058163, 0, 0, 9.04
AFLfast,xmllint,10,1624058212, 0, 0, 9.24
AFLfast,xmllint,10,1624058223, 0, 0, 9.42
AFLfast,xmllint,10,1624058228, 0, 0, 9.44
AFLfast,xmllint,10,1624058239, 0, 0, 9.58
AFLfast,xmllint,10,1624058249, 0, 0, 9.77
AFLfast,xmllint,10,1624058321, 0, 0, 9.23
AFLfast,xmllint,10,1624058332, 0, 0, 9.21
AFLfast,xmllint,10,1624058347, 0, 0, 9.67
AFLfast,xmllint,10,1624058352, 0, 0, 9.63
AFLfast,xmllint,10,1624058363, 0, 0, 9.68
AFLfast,xmllint,10,1624058425, 0, 0, 9.57
AFLfast,xmllint,10,1624058492, 0, 0, 9.48
AFLfast,xmllint,10,1624058652, 0, 0, 9.25
AFLfast,xmllint,10,1624058936, 0, 0, 8.86
AFLfast,xmllint,10,1624058946, 0, 0, 8.52
AFLfast,xmllint,10,1624058951, 0, 0, 8.87
AFLfast,xmllint,10,1624059034, 0, 0, 9.29
AFLfast,xmllint,10,1624059039, 0, 0, 8.70
AFLfast,xmllint,10,1624059169, 0, 0, 13.91
AFLfast,xmllint,10,1624059619, 0, 0, 16.83
AFLfast,xmllint,10,1624059624, 0, 0, 17.35
AFLfast,xmllint,10,1624059629, 0, 0, 17.68
AFLfast,xmllint,10,1624059634, 0, 0, 18.51
AFLfast,xmllint,10,1624059639, 0, 0, 18.07
AFLfast,xmllint,10,1624059649, 0, 0, 17.47
AFLfast,xmllint,10,1624059670, 0, 0, 9.01
AFLfast,xmllint,10,1624059764, 0, 0, 9.68
AFLfast,xmllint,10,1624059849, 0, 0, 17.95
AFLfast,xmllint,10,1624059854, 0, 0, 17.86
AFLfast,xmllint,10,1624060674, 0, 0, 17.00
AFLfast,xmllint,10,1624060892, 0, 0, 17.30
AFLfast,xmllint,10,1624060897, 0, 0, 16.04
AFLfast,xmllint,10,1624060953, 0, 0, 17.38
AFLfast,xmllint,10,1624061066, 0, 0, 16.03
AFLfast,xmllint,10,1624061071, 0, 0, 16.80
AFLfast,xmllint,10,1624061077, 0, 0, 16.79
AFLfast,xmllint,10,1624061082, 0, 0, 4.14
AFLfast,xmllint,10,1624061087, 0, 0, 12.54
AFLfast,xmllint,10,1624061092, 0, 0, 15.21
AFLfast,xmllint,10,1624061097, 0, 0, 16.08
AFLfast,xmllint,10,1624061103, 0, 0, 16.52
AFLfast,xmllint,10,1624061108, 0, 0, 16.52
AFLfast,xmllint,10,1624061113, 0, 0, 15.93
AFLfast,xmllint,10,1624061118, 0, 0, 16.48
AFLfast,xmllint,10,1624061129, 0, 0, 6.90
AFLfast,xmllint,10,1624061134, 0, 0, 7.94
AFLfast,xmllint,10,1624061139, 0, 0, 7.46
AFLfast,xmllint,10,1624061144, 0, 0, 8.23
AFLfast,xmllint,10,1624061150, 0, 0, 8.43
AFLfast,xmllint,10,1624061170, 0, 0, 8.54
AFLfast,xmllint,10,1624061176, 0, 0, 8.31
AFLfast,xmllint,10,1624061191, 0, 0, 8.93
AFLfast,xmllint,10,1624061201, 0, 0, 8.22
AFLfast,xmllint,10,1624061206, 0, 0, 8.38
AFLfast,xmllint,10,1624061211, 0, 0, 8.61
AFLfast,xmllint,10,1624061216, 0, 0, 8.44
AFLfast,xmllint,10,1624061232, 0, 0, 7.99
AFLfast,xmllint,10,1624061248, 0, 0, 8.22
AFLfast,xmllint,10,1624061268, 0, 0, 8.42
AFLfast,xmllint,10,1624061284, 0, 0, 8.15
AFLfast,xmllint,10,1624061304, 0, 0, 8.72
AFLfast,xmllint,10,1624061320, 0, 0, 8.43
AFLfast,xmllint,10,1624061367, 0, 0, 8.61
AFLfast,xmllint,10,1624061382, 0, 0, 8.06
AFLfast,xmllint,10,1624061418, 0, 0, 8.38
AFLfast,xmllint,10,1624061429, 0, 0, 8.01
AFLfast,xmllint,10,1624061434, 0, 0, 8.96
AFLfast,xmllint,10,1624061496, 0, 0, 8.09
AFLfast,xmllint,10,1624061501, 0, 0, 7.61
AFLfast,xmllint,10,1624061511, 0, 0, 8.43
AFLfast,xmllint,10,1624061548, 0, 0, 7.71
AFLfast,xmllint,10,1624061563, 0, 0, 8.56
AFLfast,xmllint,10,1624061589, 0, 0, 8.40
AFLfast,xmllint,10,1624061636, 0, 0, 8.09
AFLfast,xmllint,10,1624061652, 0, 0, 8.64
AFLfast,xmllint,10,1624061657, 0, 0, 8.06
AFLfast,xmllint,10,1624061673, 0, 0, 12.91
AFLfast,xmllint,10,1624061683, 0, 0, 16.85
AFLfast,xmllint,10,1624061688, 0, 0, 17.18
AFLfast,xmllint,10,1624061693, 0, 0, 17.16
AFLfast,xmllint,10,1624061698, 0, 0, 17.42
AFLfast,xmllint,10,1624061704, 0, 0, 17.19
AFLfast,xmllint,10,1624061724, 0, 0, 15.43
AFLfast,xmllint,10,1624061796, 0, 0, 8.72
AFLfast,xmllint,10,1624061801, 0, 0, 8.94
AFLfast,xmllint,10,1624061838, 0, 0, 8.81
AFLfast,xmllint,10,1624061869, 0, 0, 15.67
AFLfast,xmllint,10,1624062229, 0, 0, 3.50
AFLfast,xmllint,10,1624062354, 0, 0, 17.42
AFLfast,xmllint,10,1624062385, 0, 0, 11.78
AFLfast,xmllint,10,1624062485, 0, 0, 17.49
AFLfast,xmllint,10,1624062537, 0, 0, 16.62
AFLfast,xmllint,10,1624064136, 0, 0, 18.54
AFLfast,xmllint,10,1624064208, 0, 0, 17.15
AFLfast,xmllint,10,1624065104, 0, 0, 16.62
AFLfast,xmllint,10,1624065109, 0, 0, 16.38
AFLfast,xmllint,10,1624065114, 0, 0, 16.06
AFLfast,xmllint,10,1624065119, 0, 0, 15.85
AFLfast,xmllint,10,1624065124, 0, 0, 15.67
AFLfast,xmllint,10,1624065130, 0, 0, 16.41
AFLfast,xmllint,10,1624065135, 0, 0, 14.72
AFLfast,xmllint,10,1624065150, 0, 0, 8.94
AFLfast,xmllint,10,1624065161, 0, 0, 8.23
AFLfast,xmllint,10,1624065166, 0, 0, 8.05
AFLfast,xmllint,10,1624065187, 0, 0, 8.30
AFLfast,xmllint,10,1624065197, 0, 0, 8.12
AFLfast,xmllint,10,1624065202, 0, 0, 8.47
AFLfast,xmllint,10,1624065208, 0, 0, 8.35
AFLfast,xmllint,10,1624065228, 0, 0, 8.06
AFLfast,xmllint,10,1624065249, 0, 0, 7.65
AFLfast,xmllint,10,1624065265, 0, 0, 8.10
AFLfast,xmllint,10,1624065307, 0, 0, 8.56
AFLfast,xmllint,10,1624065317, 0, 0, 7.77
AFLfast,xmllint,10,1624065343, 0, 0, 8.00
AFLfast,xmllint,10,1624065353, 0, 0, 7.92
AFLfast,xmllint,10,1624065379, 0, 0, 8.03
AFLfast,xmllint,10,1624065425, 0, 0, 8.13
AFLfast,xmllint,10,1624065436, 0, 0, 8.21
AFLfast,xmllint,10,1624065446, 0, 0, 8.25
AFLfast,xmllint,10,1624065467, 0, 0, 8.10
AFLfast,xmllint,10,1624065477, 0, 0, 7.68
AFLfast,xmllint,10,1624065487, 0, 0, 8.25
AFLfast,xmllint,10,1624065503, 0, 0, 7.68
AFLfast,xmllint,10,1624065523, 0, 0, 8.01
AFLfast,xmllint,10,1624065575, 0, 0, 15.75
AFLfast,xmllint,10,1624065580, 0, 0, 16.52
AFLfast,xmllint,10,1624065601, 0, 0, 15.91
AFLfast,xmllint,10,1624065611, 0, 0, 16.13
AFLfast,xmllint,10,1624065632, 0, 0, 8.42
AFLfast,xmllint,10,1624065652, 0, 0, 8.21
AFLfast,xmllint,10,1624065673, 0, 0, 7.89
AFLfast,xmllint,10,1624065683, 0, 0, 8.07
AFLfast,xmllint,10,1624065720, 0, 0, 14.08
AFLfast,xmllint,10,1624065725, 0, 0, 15.16
AFLfast,xmllint,10,1624065735, 0, 0, 15.97
AFLfast,xmllint,10,1624065740, 0, 0, 15.41
AFLfast,xmllint,10,1624065750, 0, 0, 15.99
AFLfast,xmllint,10,1624065802, 0, 0, 7.83
AFLfast,xmllint,10,1624065812, 0, 0, 7.61
AFLfast,xmllint,10,1624065833, 0, 0, 8.18
AFLfast,xmllint,10,1624065844, 0, 0, 10.11
AFLfast,xmllint,10,1624065854, 0, 0, 9.01
AFLfast,xmllint,10,1624065860, 0, 0, 8.58
AFLfast,xmllint,10,1624065865, 0, 0, 8.92
AFLfast,xmllint,10,1624065870, 0, 0, 8.62
AFLfast,xmllint,10,1624065875, 0, 0, 8.86
AFLfast,xmllint,10,1624065880, 0, 0, 8.11
AFLfast,xmllint,10,1624065885, 0, 0, 7.30
AFLfast,xmllint,10,1624065890, 0, 0, 7.30
AFLfast,xmllint,10,1624065896, 0, 0, 2.85
AFLfast,xmllint,10,1624065901, 0, 0, 5.39
AFLfast,xmllint,10,1624065906, 0, 0, 6.13
AFLfast,xmllint,10,1624065916, 0, 0, 6.42
AFLfast,xmllint,10,1624065922, 0, 0, 7.01
AFLfast,xmllint,10,1624065927, 0, 0, 6.90
AFLfast,xmllint,10,1624065976, 0, 0, 4.77
AFLfast,xmllint,10,1624066039, 0, 0, 6.49
AFLfast,xmllint,10,1624066137, 0, 0, 6.85
AFLfast,xmllint,10,1624066142, 0, 0, 6.78
AFLfast,xmllint,10,1624066152, 0, 0, 6.88
AFLfast,xmllint,10,1624066189, 0, 0, 9.94
AFLfast,xmllint,10,1624066354, 0, 0, 13.34
AFLfast,xmllint,10,1624066369, 0, 0, 18.53
AFLfast,xmllint,10,1624066380, 0, 0, 14.34
AFLfast,xmllint,10,1624066385, 0, 0, 13.65
AFLfast,xmllint,10,1624066395, 0, 0, 12.82
AFLfast,xmllint,10,1624066514, 0, 0, 11.63
AFLfast,xmllint,10,1624066540, 0, 0, 13.93
AFLfast,xmllint,10,1624066556, 0, 0, 14.53
AFLfast,xmllint,10,1624066675, 0, 0, 18.06
AFLfast,xmllint,10,1624066680, 0, 0, 17.29
AFLfast,xmllint,10,1624066711, 0, 0, 15.17
AFLfast,xmllint,10,1624066716, 0, 0, 14.14
AFLfast,xmllint,10,1624066721, 0, 0, 14.10
AFLfast,xmllint,10,1624066964, 0, 0, 13.16
AFLfast,xmllint,10,1624067393, 0, 0, 12.94
AFLfast,xmllint,10,1624067538, 0, 0, 13.04
AFLfast,xmllint,10,1624067543, 0, 0, 13.33
AFLfast,xmllint,10,1624067569, 0, 0, 12.70
AFLfast,xmllint,10,1624067653, 0, 0, 15.84
AFLfast,xmllint,10,1624067658, 0, 0, 14.12
AFLfast,xmllint,10,1624067833, 0, 0, 13.73
AFLfast,xmllint,10,1624068334, 0, 0, 13.77
AFLfast,xmllint,10,1624068365, 0, 0, 12.55
AFLfast,xmllint,10,1624068982, 0, 0, 14.88
AFLfast,xmllint,10,1624069003, 0, 0, 18.44
AFLfast,xmllint,10,1624069189, 0, 0, 14.07
AFLfast,xmllint,10,1624069194, 0, 0, 10.75
AFLfast,xmllint,10,1624069205, 0, 0, 8.47
AFLfast,xmllint,10,1624069210, 0, 0, 8.17
AFLfast,xmllint,10,1624069230, 0, 0, 11.19
AFLfast,xmllint,10,1624069251, 0, 0, 16.49
AFLfast,xmllint,10,1624069256, 0, 0, 15.84
AFLfast,xmllint,10,1624069266, 0, 0, 15.13
AFLfast,xmllint,10,1624069272, 0, 0, 15.84
AFLfast,xmllint,10,1624069277, 0, 0, 16.69
AFLfast,xmllint,10,1624069324, 0, 0, 8.80
AFLfast,xmllint,10,1624069329, 0, 0, 7.67
AFLfast,xmllint,10,1624069365, 0, 0, 8.35
AFLfast,xmllint,10,1624069412, 0, 0, 15.76
AFLfast,xmllint,10,1624069422, 0, 0, 15.44
AFLfast,xmllint,10,1624069432, 0, 0, 15.72
AFLfast,xmllint,10,1624069484, 0, 0, 7.82
AFLfast,xmllint,10,1624069515, 0, 0, 14.84
AFLfast,xmllint,10,1624069525, 0, 0, 16.14
AFLfast,xmllint,10,1624069530, 0, 0, 15.80
AFLfast,xmllint,10,1624069541, 0, 0, 15.96
AFLfast,xmllint,10,1624069561, 0, 0, 15.91
AFLfast,xmllint,10,1624069566, 0, 0, 10.11
AFLfast,xmllint,10,1624069603, 0, 0, 8.04
AFLfast,xmllint,10,1624069609, 0, 0, 8.00
AFLfast,xmllint,10,1624069624, 0, 0, 7.88
AFLfast,xmllint,10,1624069650, 0, 0, 9.88
AFLfast,xmllint,10,1624069666, 0, 0, 16.41
AFLfast,xmllint,10,1624069671, 0, 0, 17.33
AFLfast,xmllint,10,1624069676, 0, 0, 17.11
AFLfast,xmllint,10,1624069681, 0, 0, 16.27
AFLfast,xmllint,10,1624069687, 0, 0, 15.71
AFLfast,xmllint,10,1624069692, 0, 0, 16.40
AFLfast,xmllint,10,1624069697, 0, 0, 15.15
AFLfast,xmllint,10,1624069702, 0, 0, 16.04
AFLfast,xmllint,10,1624069707, 0, 0, 14.94
AFLfast,xmllint,10,1624069713, 0, 0, 13.17
AFLfast,xmllint,10,1624069718, 0, 0, 9.73
AFLfast,xmllint,10,1624069724, 0, 0, 8.88
AFLfast,xmllint,10,1624069729, 0, 0, 8.71
AFLfast,xmllint,10,1624069734, 0, 0, 7.71
AFLfast,xmllint,10,1624069740, 0, 0, 7.48
AFLfast,xmllint,10,1624069745, 0, 0, 6.47
AFLfast,xmllint,10,1624069755, 0, 0, 10.90
AFLfast,xmllint,10,1624069760, 0, 0, 9.22
AFLfast,xmllint,10,1624069766, 0, 0, 9.44
AFLfast,xmllint,10,1624069771, 0, 0, 7.74
AFLfast,xmllint,10,1624069777, 0, 0, 7.14
AFLfast,xmllint,10,1624069782, 0, 0, 6.92
AFLfast,xmllint,10,1624069787, 0, 0, 7.59
AFLfast,xmllint,10,1624069793, 0, 0, 7.30
AFLfast,xmllint,10,1624069798, 0, 0, 7.43
AFLfast,xmllint,10,1624069803, 0, 0, 11.11
AFLfast,xmllint,10,1624069809, 0, 0, 9.57
AFLfast,xmllint,10,1624069814, 0, 0, 9.09
AFLfast,xmllint,10,1624069819, 0, 0, 9.28
AFLfast,xmllint,10,1624069824, 0, 0, 8.74
AFLfast,xmllint,10,1624069830, 0, 0, 8.58
AFLfast,xmllint,10,1624069835, 0, 0, 8.54
AFLfast,xmllint,10,1624069840, 0, 0, 8.32
AFLfast,xmllint,10,1624069845, 0, 0, 7.47
AFLfast,xmllint,10,1624069850, 0, 0, 7.42
AFLfast,xmllint,10,1624069855, 0, 0, 7.63
AFLfast,xmllint,10,1624069860, 0, 0, 7.95
AFLfast,xmllint,10,1624069871, 0, 0, 8.17
AFLfast,xmllint,10,1624069876, 0, 0, 8.56
AFLfast,xmllint,10,1624069881, 0, 0, 8.22
AFLfast,xmllint,10,1624069887, 0, 0, 7.89
AFLfast,xmllint,10,1624069892, 0, 0, 7.55
AFLfast,xmllint,10,1624069897, 0, 0, 7.82
AFLfast,xmllint,10,1624069902, 0, 0, 7.62
AFLfast,xmllint,10,1624069908, 0, 0, 7.20
AFLfast,xmllint,10,1624069913, 0, 0, 7.23
AFLfast,xmllint,10,1624069918, 0, 0, 7.59
AFLfast,xmllint,10,1624069923, 0, 0, 7.04
AFLfast,xmllint,10,1624069928, 0, 0, 7.54
AFLfast,xmllint,10,1624069933, 0, 0, 7.77
AFLfast,xmllint,10,1624069938, 0, 0, 7.47
AFLfast,xmllint,10,1624069944, 0, 0, 7.75
AFLfast,xmllint,10,1624069949, 0, 0, 7.45
AFLfast,xmllint,10,1624069954, 0, 0, 7.56
AFLfast,xmllint,10,1624069959, 0, 0, 7.38
AFLfast,xmllint,10,1624069970, 0, 0, 7.65
AFLfast,xmllint,10,1624069975, 0, 0, 7.60
AFLfast,xmllint,10,1624069980, 0, 0, 7.37
AFLfast,xmllint,10,1624069985, 0, 0, 7.80
AFLfast,xmllint,10,1624069990, 0, 0, 7.48
AFLfast,xmllint,10,1624069995, 0, 0, 7.17
AFLfast,xmllint,10,1624070001, 0, 0, 7.23
AFLfast,xmllint,10,1624070006, 0, 0, 6.91
AFLfast,xmllint,10,1624070011, 0, 0, 7.03
AFLfast,xmllint,10,1624070021, 0, 0, 7.42
AFLfast,xmllint,10,1624070027, 0, 0, 7.01
AFLfast,xmllint,10,1624070032, 0, 0, 6.89
AFLfast,xmllint,10,1624070052, 0, 0, 9.10
AFLfast,xmllint,10,1624070063, 0, 0, 9.46
AFLfast,xmllint,10,1624070068, 0, 0, 8.96
AFLfast,xmllint,10,1624070073, 0, 0, 8.87
AFLfast,xmllint,10,1624070083, 0, 0, 8.62
AFLfast,xmllint,10,1624070099, 0, 0, 8.62
AFLfast,xmllint,10,1624070135, 0, 0, 8.17
AFLfast,xmllint,10,1624070140, 0, 0, 7.58
AFLfast,xmllint,10,1624070145, 0, 0, 8.27
AFLfast,xmllint,10,1624070171, 0, 0, 8.27
AFLfast,xmllint,10,1624070207, 0, 0, 7.83
AFLfast,xmllint,10,1624070213, 0, 0, 7.46
AFLfast,xmllint,10,1624070218, 0, 0, 7.01
AFLfast,xmllint,10,1624070223, 0, 0, 7.26
AFLfast,xmllint,10,1624070228, 0, 0, 7.02
AFLfast,xmllint,10,1624070233, 0, 0, 7.92
AFLfast,xmllint,10,1624070259, 0, 0, 7.70
AFLfast,xmllint,10,1624070274, 0, 0, 7.33
AFLfast,xmllint,10,1624070326, 0, 0, 9.07
AFLfast,xmllint,10,1624070346, 0, 0, 8.09
AFLfast,xmllint,10,1624070352, 0, 0, 9.24
AFLfast,xmllint,10,1624070393, 0, 0, 8.76
AFLfast,xmllint,10,1624070409, 0, 0, 7.47
AFLfast,xmllint,10,1624070414, 0, 0, 8.23
AFLfast,xmllint,10,1624070419, 0, 0, 8.37
AFLfast,xmllint,10,1624070429, 0, 0, 7.84
AFLfast,xmllint,10,1624070476, 0, 0, 7.80
AFLfast,xmllint,10,1624070481, 0, 0, 8.02
AFLfast,xmllint,10,1624070486, 0, 0, 7.96
AFLfast,xmllint,10,1624070497, 0, 0, 7.01
AFLfast,xmllint,10,1624070528, 0, 0, 7.99
AFLfast,xmllint,10,1624070533, 0, 0, 7.81
AFLfast,xmllint,10,1624070627, 0, 0, 8.02
AFLfast,xmllint,10,1624070642, 0, 0, 8.14
AFLfast,xmllint,10,1624070663, 0, 0, 7.64
AFLfast,xmllint,10,1624070668, 0, 0, 7.36
AFLfast,xmllint,10,1624070767, 0, 0, 9.21
AFLfast,xmllint,10,1624070772, 0, 0, 8.88
AFLfast,xmllint,10,1624070793, 0, 0, 8.79
AFLfast,xmllint,10,1624070830, 0, 0, 8.91
AFLfast,xmllint,10,1624070855, 0, 0, 7.34
AFLfast,xmllint,10,1624070861, 0, 0, 7.09
AFLfast,xmllint,10,1624070902, 0, 0, 7.75
AFLfast,xmllint,10,1624070907, 0, 0, 7.94
AFLfast,xmllint,10,1624070918, 0, 0, 8.89
AFLfast,xmllint,10,1624070954, 0, 0, 7.95
AFLfast,xmllint,10,1624070959, 0, 0, 8.13
AFLfast,xmllint,10,1624070964, 0, 0, 8.51
AFLfast,xmllint,10,1624070975, 0, 0, 8.24
AFLfast,xmllint,10,1624070980, 0, 0, 8.69
AFLfast,xmllint,10,1624071088, 0, 0, 8.62
AFLfast,xmllint,10,1624071114, 0, 0, 8.55
AFLfast,xmllint,10,1624071233, 0, 0, 8.24
AFLfast,xmllint,10,1624071327, 0, 0, 8.94
AFLfast,xmllint,10,1624071395, 0, 0, 8.14
AFLfast,xmllint,10,1624071400, 0, 0, 8.11
AFLfast,xmllint,10,1624071431, 0, 0, 8.15
AFLfast,xmllint,10,1624071441, 0, 0, 8.32
AFLfast,xmllint,10,1624071447, 0, 0, 7.64
AFLfast,xmllint,10,1624071498, 0, 0, 8.60
AFLfast,xmllint,10,1624071504, 0, 0, 8.02
AFLfast,xmllint,10,1624071639, 0, 0, 8.16
AFLfast,xmllint,10,1624071649, 0, 0, 8.19
AFLfast,xmllint,10,1624071665, 0, 0, 8.09
AFLfast,xmllint,10,1624071779, 0, 0, 7.75
AFLfast,xmllint,10,1624071784, 0, 0, 7.58
AFLfast,xmllint,10,1624071799, 0, 0, 7.08
AFLfast,xmllint,10,1624071841, 0, 0, 6.07
AFLfast,xmllint,10,1624071878, 0, 0, 6.16
AFLfast,xmllint,10,1624071883, 0, 0, 6.28
AFLfast,xmllint,10,1624071888, 0, 0, 6.21
AFLfast,xmllint,10,1624071909, 0, 0, 6.55
AFLfast,xmllint,10,1624071950, 0, 0, 6.48
AFLfast,xmllint,10,1624071956, 0, 0, 6.14
AFLfast,xmllint,10,1624071961, 0, 0, 6.56
AFLfast,xmllint,10,1624071981, 0, 0, 7.43
AFLfast,xmllint,10,1624071992, 0, 0, 7.84
AFLfast,xmllint,10,1624071997, 0, 0, 7.62
AFLfast,xmllint,10,1624072002, 0, 0, 8.25
AFLfast,xmllint,10,1624072018, 0, 0, 7.72
AFLfast,xmllint,10,1624072262, 0, 0, 5.59
AFLfast,xmllint,10,1624072267, 0, 0, 5.81
AFLfast,xmllint,10,1624072314, 0, 0, 6.20
AFLfast,xmllint,10,1624072324, 0, 0, 6.10
AFLfast,xmllint,10,1624072455, 0, 0, 13.51
AFLfast,xmllint,10,1624072564, 0, 0, 16.31
AFLfast,xmllint,10,1624072570, 0, 0, 14.21
AFLfast,xmllint,10,1624072575, 0, 0, 1.58
AFLfast,xmllint,10,1624072585, 0, 0, 8.29
AFLfast,xmllint,10,1624072628, 0, 0, 7.64
AFLfast,xmllint,10,1624072654, 0, 0, 14.41
AFLfast,xmllint,10,1624072660, 0, 0, 12.12
AFLfast,xmllint,10,1624073007, 0, 0, 15.53
AFLfast,xmllint,10,1624073048, 0, 0, 10.25
AFLfast,xmllint,10,1624073064, 0, 0, 12.02
AFLfast,xmllint,10,1624073688, 0, 0, 14.65
AFLfast,xmllint,10,1624073864, 0, 0, 16.22
AFLfast,xmllint,10,1624073982, 0, 0, 14.99
AFLfast,xmllint,10,1624074003, 0, 0, 8.06
AFLfast,xmllint,10,1624074008, 0, 0, 7.51
AFLfast,xmllint,10,1624074044, 0, 0, 13.54
AFLfast,xmllint,10,1624074050, 0, 0, 14.61
AFLfast,xmllint,10,1624074055, 0, 0, 15.51
AFLfast,xmllint,10,1624074060, 0, 0, 15.91
AFLfast,xmllint,10,1624074070, 0, 0, 15.98
AFLfast,xmllint,10,1624074086, 0, 0, 16.33
AFLfast,xmllint,10,1624074091, 0, 0, 13.09
AFLfast,xmllint,10,1624074117, 0, 0, 8.02
AFLfast,xmllint,10,1624074122, 0, 0, 7.78
AFLfast,xmllint,10,1624074127, 0, 0, 8.29
AFLfast,xmllint,10,1624074137, 0, 0, 7.82
AFLfast,xmllint,10,1624074148, 0, 0, 7.51
AFLfast,xmllint,10,1624074178, 0, 0, 7.44
AFLfast,xmllint,10,1624074205, 0, 0, 8.43
AFLfast,xmllint,10,1624074231, 0, 0, 7.52
AFLfast,xmllint,10,1624074242, 0, 0, 7.85
AFLfast,xmllint,10,1624074273, 0, 0, 8.06
AFLfast,xmllint,10,1624074278, 0, 0, 8.05
AFLfast,xmllint,10,1624074293, 0, 0, 8.17
AFLfast,xmllint,10,1624074315, 0, 0, 14.21
AFLfast,xmllint,10,1624074320, 0, 0, 15.52
AFLfast,xmllint,10,1624074340, 0, 0, 16.18
AFLfast,xmllint,10,1624074351, 0, 0, 15.78
AFLfast,xmllint,10,1624074376, 0, 0, 9.75
AFLfast,xmllint,10,1624074397, 0, 0, 8.20
AFLfast,xmllint,10,1624074412, 0, 0, 8.51
AFLfast,xmllint,10,1624074444, 0, 0, 15.39
AFLfast,xmllint,10,1624074449, 0, 0, 15.62
AFLfast,xmllint,10,1624074464, 0, 0, 15.92
AFLfast,xmllint,10,1624074469, 0, 0, 16.26
AFLfast,xmllint,10,1624074485, 0, 0, 15.61
AFLfast,xmllint,10,1624074490, 0, 0, 15.99
AFLfast,xmllint,10,1624074593, 0, 0, 0.10
AFLfast,xmllint,10,1624074608, 0, 0, 14.74
AFLfast,xmllint,10,1624074614, 0, 0, 16.40
AFLfast,xmllint,10,1624074619, 0, 0, 16.84
AFLfast,xmllint,10,1624074624, 0, 0, 12.08
AFLfast,xmllint,10,1624074629, 0, 0, 10.01
AFLfast,xmllint,10,1624074650, 0, 0, 8.01
AFLfast,xmllint,10,1624074655, 0, 0, 10.67
AFLfast,xmllint,10,1624074665, 0, 0, 15.08
AFLfast,xmllint,10,1624074670, 0, 0, 15.99
AFLfast,xmllint,10,1624074676, 0, 0, 15.57
AFLfast,xmllint,10,1624074681, 0, 0, 16.46
AFLfast,xmllint,10,1624074686, 0, 0, 15.86
AFLfast,xmllint,10,1624074696, 0, 0, 16.23
AFLfast,xmllint,10,1624074702, 0, 0, 16.17
AFLfast,xmllint,10,1624074707, 0, 0, 14.46
AFLfast,xmllint,10,1624074712, 0, 0, 15.55
AFLfast,xmllint,10,1624074717, 0, 0, 11.97
AFLfast,xmllint,10,1624074722, 0, 0, 9.81
AFLfast,xmllint,10,1624074733, 0, 0, 8.16
AFLfast,xmllint,10,1624074759, 0, 0, 1.25
AFLfast,xmllint,10,1624074764, 0, 0, 8.61
AFLfast,xmllint,10,1624074790, 0, 0, 8.53
AFLfast,xmllint,10,1624074800, 0, 0, 8.23
AFLfast,xmllint,10,1624074805, 0, 0, 8.27
AFLfast,xmllint,10,1624074821, 0, 0, 8.11
AFLfast,xmllint,10,1624074852, 0, 0, 10.01
AFLfast,xmllint,10,1624074868, 0, 0, 9.12
AFLfast,xmllint,10,1624074889, 0, 0, 7.93
AFLfast,xmllint,10,1624074894, 0, 0, 8.46
AFLfast,xmllint,10,1624074904, 0, 0, 7.93
AFLfast,xmllint,10,1624074909, 0, 0, 7.95
AFLfast,xmllint,10,1624074920, 0, 0, 8.38
AFLfast,xmllint,10,1624074930, 0, 0, 8.07
AFLfast,xmllint,10,1624074935, 0, 0, 8.28
AFLfast,xmllint,10,1624074945, 0, 0, 8.37
AFLfast,xmllint,10,1624074961, 0, 0, 8.34
AFLfast,xmllint,10,1624074966, 0, 0, 7.96
AFLfast,xmllint,10,1624074976, 0, 0, 8.38
AFLfast,xmllint,10,1624074997, 0, 0, 8.70
AFLfast,xmllint,10,1624075012, 0, 0, 8.26
AFLfast,xmllint,10,1624075018, 0, 0, 8.36
AFLfast,xmllint,10,1624075048, 0, 0, 8.88
AFLfast,xmllint,10,1624075059, 0, 0, 8.36
AFLfast,xmllint,10,1624075074, 0, 0, 7.95
AFLfast,xmllint,10,1624075105, 0, 0, 0.77
AFLfast,xmllint,10,1624075131, 0, 0, 6.60
AFLfast,xmllint,10,1624075157, 0, 0, 8.93
AFLfast,xmllint,10,1624075173, 0, 0, 8.11
AFLfast,xmllint,10,1624075188, 0, 0, 8.18
AFLfast,xmllint,10,1624075204, 0, 0, 8.34
AFLfast,xmllint,10,1624075209, 0, 0, 8.12
AFLfast,xmllint,10,1624075240, 0, 0, 8.24
AFLfast,xmllint,10,1624075261, 0, 0, 7.48
AFLfast,xmllint,10,1624075272, 0, 0, 8.24
AFLfast,xmllint,10,1624075282, 0, 0, 8.15
AFLfast,xmllint,10,1624075292, 0, 0, 8.39
AFLfast,xmllint,10,1624075303, 0, 0, 8.42
AFLfast,xmllint,10,1624075323, 0, 0, 7.92
AFLfast,xmllint,10,1624075339, 0, 0, 8.32
AFLfast,xmllint,10,1624075366, 0, 0, 0.78
AFLfast,xmllint,10,1624075381, 0, 0, 9.06
AFLfast,xmllint,10,1624075386, 0, 0, 8.75
AFLfast,xmllint,10,1624075392, 0, 0, 8.85
AFLfast,xmllint,10,1624075402, 0, 0, 8.67
AFLfast,xmllint,10,1624075407, 0, 0, 8.40
AFLfast,xmllint,10,1624075412, 0, 0, 8.46
AFLfast,xmllint,10,1624075418, 0, 0, 8.10
AFLfast,xmllint,10,1624075423, 0, 0, 8.39
AFLfast,xmllint,10,1624075428, 0, 0, 8.29
AFLfast,xmllint,10,1624075438, 0, 0, 8.89
AFLfast,xmllint,10,1624075459, 0, 0, 7.88
AFLfast,xmllint,10,1624075469, 0, 0, 8.68
AFLfast,xmllint,10,1624075495, 0, 0, 7.59
AFLfast,xmllint,10,1624075513, 0, 0, 0.21
AFLfast,xmllint,10,1624075529, 0, 0, 7.79
AFLfast,xmllint,10,1624075539, 0, 0, 7.69
AFLfast,xmllint,10,1624075549, 0, 0, 8.50
AFLfast,xmllint,10,1624075608, 0, 0, 8.84
AFLfast,xmllint,10,1624075618, 0, 0, 2.67
AFLfast,xmllint,10,1624075624, 0, 0, 8.93
AFLfast,xmllint,10,1624075629, 0, 0, 12.88
AFLfast,xmllint,10,1624075634, 0, 0, 14.09
AFLfast,xmllint,10,1624075639, 0, 0, 14.45
AFLfast,xmllint,10,1624075645, 0, 0, 14.92
AFLfast,xmllint,10,1624075650, 0, 0, 15.42
AFLfast,xmllint,10,1624075655, 0, 0, 15.35
AFLfast,xmllint,10,1624075660, 0, 0, 15.55
AFLfast,xmllint,10,1624075666, 0, 0, 15.46
AFLfast,xmllint,10,1624075671, 0, 0, 14.51
AFLfast,xmllint,10,1624075676, 0, 0, 11.05
AFLfast,xmllint,10,1624075687, 0, 0, 7.82
AFLfast,xmllint,10,1624075692, 0, 0, 7.47
AFLfast,xmllint,10,1624075702, 0, 0, 7.45
AFLfast,xmllint,10,1624075717, 0, 0, 8.19
AFLfast,xmllint,10,1624075728, 0, 0, 8.45
AFLfast,xmllint,10,1624075733, 0, 0, 8.13
AFLfast,xmllint,10,1624075738, 0, 0, 7.99
AFLfast,xmllint,10,1624075743, 0, 0, 8.12
AFLfast,xmllint,10,1624075759, 0, 0, 7.54
AFLfast,xmllint,10,1624075764, 0, 0, 8.95
AFLfast,xmllint,10,1624075780, 0, 0, 7.90
AFLfast,xmllint,10,1624075785, 0, 0, 7.77
AFLfast,xmllint,10,1624075790, 0, 0, 6.88
AFLfast,xmllint,10,1624075796, 0, 0, 6.85
AFLfast,xmllint,10,1624075801, 0, 0, 6.55
AFLfast,xmllint,10,1624075876, 0, 0, 6.54
AFLfast,xmllint,10,1624075928, 0, 0, 7.36
AFLfast,xmllint,10,1624075934, 0, 0, 7.47
AFLfast,xmllint,10,1624075960, 0, 0, 8.16
AFLfast,xmllint,10,1624075965, 0, 0, 8.01
AFLfast,xmllint,10,1624076002, 0, 0, 0.45
AFLfast,xmllint,10,1624076008, 0, 0, 9.35
AFLfast,xmllint,10,1624076024, 0, 0, 7.15
AFLfast,xmllint,10,1624076050, 0, 0, 7.99
AFLfast,xmllint,10,1624076070, 0, 0, 8.50
AFLfast,xmllint,10,1624076091, 0, 0, 8.45
AFLfast,xmllint,10,1624076112, 0, 0, 8.71
AFLfast,xmllint,10,1624076127, 0, 0, 8.44
AFLfast,xmllint,10,1624076132, 0, 0, 7.68
AFLfast,xmllint,10,1624076148, 0, 0, 8.59
AFLfast,xmllint,10,1624076169, 0, 0, 8.03
AFLfast,xmllint,10,1624076190, 0, 0, 7.76
AFLfast,xmllint,10,1624076206, 0, 0, 8.11
AFLfast,xmllint,10,1624076211, 0, 0, 7.38
AFLfast,xmllint,10,1624076232, 0, 0, 6.64
AFLfast,xmllint,10,1624076258, 0, 0, 14.22
AFLfast,xmllint,10,1624076268, 0, 0, 16.51
AFLfast,xmllint,10,1624076278, 0, 0, 17.05
AFLfast,xmllint,10,1624076288, 0, 0, 16.73
AFLfast,xmllint,10,1624076298, 0, 0, 16.69
AFLfast,xmllint,10,1624076309, 0, 0, 16.63
AFLfast,xmllint,10,1624076319, 0, 0, 18.32
AFLfast,xmllint,10,1624076324, 0, 0, 16.88
AFLfast,xmllint,10,1624076335, 0, 0, 16.65
AFLfast,xmllint,10,1624076345, 0, 0, 16.17
AFLfast,xmllint,10,1624076355, 0, 0, 16.64
AFLfast,xmllint,10,1624076366, 0, 0, 16.31
AFLfast,xmllint,10,1624076376, 0, 0, 17.11
AFLfast,xmllint,10,1624076386, 0, 0, 16.67
AFLfast,xmllint,10,1624076396, 0, 0, 16.96
AFLfast,xmllint,10,1624076402, 0, 0, 16.37
AFLfast,xmllint,10,1624076412, 0, 0, 16.27
AFLfast,xmllint,10,1624076422, 0, 0, 16.06
AFLfast,xmllint,10,1624076427, 0, 0, 20.65
AFLfast,xmllint,10,1624076439, 0, 0, 0.47
AFLfast,xmllint,10,1624076454, 0, 0, 16.81
AFLfast,xmllint,10,1624076465, 0, 0, 16.54
AFLfast,xmllint,10,1624076470, 0, 0, 16.46
AFLfast,xmllint,10,1624076475, 0, 0, 0.89
AFLfast,xmllint,10,1624076486, 0, 0, 16.56
AFLfast,xmllint,10,1624076496, 0, 0, 16.31
AFLfast,xmllint,10,1624076506, 0, 0, 10.94
AFLfast,xmllint,10,1624076517, 0, 0, 8.61
AFLfast,xmllint,10,1624076533, 0, 0, 15.55
AFLfast,xmllint,10,1624076538, 0, 0, 15.17
AFLfast,xmllint,10,1624076543, 0, 0, 14.48
AFLfast,xmllint,10,1624076553, 0, 0, 15.75
AFLfast,xmllint,10,1624076558, 0, 0, 15.75
AFLfast,xmllint,10,1624076564, 0, 0, 16.91
AFLfast,xmllint,10,1624076569, 0, 0, 16.93
AFLfast,xmllint,10,1624076580, 0, 0, 16.79
AFLfast,xmllint,10,1624076600, 0, 0, 8.16
AFLfast,xmllint,10,1624076615, 0, 0, 14.09
AFLfast,xmllint,10,1624076626, 0, 0, 16.51
AFLfast,xmllint,10,1624076631, 0, 0, 16.11
AFLfast,xmllint,10,1624076636, 0, 0, 16.24
AFLfast,xmllint,10,1624076641, 0, 0, 15.89
AFLfast,xmllint,10,1624076646, 0, 0, 15.13
AFLfast,xmllint,10,1624076651, 0, 0, 15.78
AFLfast,xmllint,10,1624076656, 0, 0, 15.59
AFLfast,xmllint,10,1624076661, 0, 0, 15.72
AFLfast,xmllint,10,1624076739, 0, 0, 7.92
AFLfast,xmllint,10,1624076781, 0, 0, 2.81
AFLfast,xmllint,10,1624076796, 0, 0, 15.04
AFLfast,xmllint,10,1624076806, 0, 0, 15.72
AFLfast,xmllint,10,1624076817, 0, 0, 14.30
AFLfast,xmllint,10,1624076827, 0, 0, 11.26
AFLfast,xmllint,10,1624076842, 0, 0, 15.96
AFLfast,xmllint,10,1624076847, 0, 0, 13.52
AFLfast,xmllint,10,1624076857, 0, 0, 16.34
AFLfast,xmllint,10,1624076867, 0, 0, 16.77
AFLfast,xmllint,10,1624076873, 0, 0, 15.82
AFLfast,xmllint,10,1624076883, 0, 0, 15.91
AFLfast,xmllint,10,1624076890, 0, 0, 2.35
AFLfast,xmllint,10,1624076910, 0, 0, 13.65
AFLfast,xmllint,10,1624076915, 0, 0, 15.68
AFLfast,xmllint,10,1624076926, 0, 0, 16.99
AFLfast,xmllint,10,1624076936, 0, 0, 16.14
AFLfast,xmllint,10,1624076941, 0, 0, 15.40
AFLfast,xmllint,10,1624076951, 0, 0, 16.32
AFLfast,xmllint,10,1624076962, 0, 0, 13.66
AFLfast,xmllint,10,1624076972, 0, 0, 10.22
AFLfast,xmllint,10,1624076982, 0, 0, 9.02
AFLfast,xmllint,10,1624076993, 0, 0, 7.87
AFLfast,xmllint,10,1624077009, 0, 0, 12.16
AFLfast,xmllint,10,1624077019, 0, 0, 16.41
AFLfast,xmllint,10,1624077029, 0, 0, 16.84
AFLfast,xmllint,10,1624077039, 0, 0, 16.05
AFLfast,xmllint,10,1624077050, 0, 0, 15.83
AFLfast,xmllint,10,1624077060, 0, 0, 16.13
AFLfast,xmllint,10,1624077071, 0, 0, 17.47
AFLfast,xmllint,10,1624077076, 0, 0, 15.57
AFLfast,xmllint,10,1624077086, 0, 0, 16.55
AFLfast,xmllint,10,1624077091, 0, 0, 16.56
AFLfast,xmllint,10,1624077102, 0, 0, 16.16
AFLfast,xmllint,10,1624077112, 0, 0, 16.33
AFLfast,xmllint,10,1624077122, 0, 0, 17.58
AFLfast,xmllint,10,1624077129, 0, 0, 1.44
AFLfast,xmllint,10,1624077140, 0, 0, 14.34
AFLfast,xmllint,10,1624077150, 0, 0, 16.11
AFLfast,xmllint,10,1624077161, 0, 0, 16.68
AFLfast,xmllint,10,1624077171, 0, 0, 16.36
AFLfast,xmllint,10,1624077177, 0, 0, 15.81
AFLfast,xmllint,10,1624077182, 0, 0, 20.36
AFLfast,xmllint,10,1624077187, 0, 0, 6.90
AFLfast,xmllint,10,1624077193, 0, 0, 2.55
AFLfast,xmllint,10,1624077214, 0, 0, 11.00
AFLfast,xmllint,10,1624077224, 0, 0, 16.22
AFLfast,xmllint,10,1624077234, 0, 0, 16.35
AFLfast,xmllint,10,1624077240, 0, 0, 13.53
AFLfast,xmllint,10,1624077250, 0, 0, 15.44
AFLfast,xmllint,10,1624077255, 0, 0, 15.42
AFLfast,xmllint,10,1624077266, 0, 0, 19.64
AFLfast,xmllint,10,1624077277, 0, 0, 1.38
AFLfast,xmllint,10,1624077293, 0, 0, 13.08
AFLfast,xmllint,10,1624077303, 0, 0, 15.71
AFLfast,xmllint,10,1624077314, 0, 0, 15.53
AFLfast,xmllint,10,1624077324, 0, 0, 15.40
AFLfast,xmllint,10,1624077329, 0, 0, 15.28
AFLfast,xmllint,10,1624077334, 0, 0, 14.64
AFLfast,xmllint,10,1624077346, 0, 0, 1.31
AFLfast,xmllint,10,1624077361, 0, 0, 8.93
AFLfast,xmllint,10,1624077372, 0, 0, 0.95
AFLfast,xmllint,10,1624077383, 0, 0, 21.66
AFLfast,xmllint,10,1624077398, 0, 0, 16.58
AFLfast,xmllint,10,1624077403, 0, 0, 17.01
AFLfast,xmllint,10,1624077413, 0, 0, 16.73
AFLfast,xmllint,10,1624077418, 0, 0, 16.58
AFLfast,xmllint,10,1624077428, 0, 0, 15.94
AFLfast,xmllint,10,1624077439, 0, 0, 16.76
AFLfast,xmllint,10,1624077449, 0, 0, 16.14
AFLfast,xmllint,10,1624077460, 0, 0, 0.99
AFLfast,xmllint,10,1624077476, 0, 0, 16.17
AFLfast,xmllint,10,1624077486, 0, 0, 17.63
AFLfast,xmllint,10,1624077491, 0, 0, 2.88
AFLfast,xmllint,10,1624077502, 0, 0, 13.99
AFLfast,xmllint,10,1624077513, 0, 0, 18.15
AFLfast,xmllint,10,1624077518, 0, 0, 17.23
AFLfast,xmllint,10,1624077528, 0, 0, 2.85
AFLfast,xmllint,10,1624077539, 0, 0, 16.48
AFLfast,xmllint,10,1624077549, 0, 0, 15.80
AFLfast,xmllint,10,1624077554, 0, 0, 5.77
AFLfast,xmllint,10,1624077575, 0, 0, 11.90
AFLfast,xmllint,10,1624077585, 0, 0, 15.17
AFLfast,xmllint,10,1624077595, 0, 0, 15.37
AFLfast,xmllint,10,1624077601, 0, 0, 12.59
AFLfast,xmllint,10,1624077611, 0, 0, 15.61
AFLfast,xmllint,10,1624077616, 0, 0, 2.28
AFLfast,xmllint,10,1624077631, 0, 0, 15.24
AFLfast,xmllint,10,1624077653, 0, 0, 7.79
AFLfast,xmllint,10,1624077668, 0, 0, 15.04
AFLfast,xmllint,10,1624077673, 0, 0, 15.35
AFLfast,xmllint,10,1624077694, 0, 0, 16.90
AFLfast,xmllint,10,1624077705, 0, 0, 16.07
AFLfast,xmllint,10,1624077720, 0, 0, 10.34
AFLfast,xmllint,10,1624077746, 0, 0, 9.07
AFLfast,xmllint,10,1624077757, 0, 0, 14.84
AFLfast,xmllint,10,1624077762, 0, 0, 14.38
AFLfast,xmllint,10,1624077772, 0, 0, 16.01
AFLfast,xmllint,10,1624077788, 0, 0, 15.64
AFLfast,xmllint,10,1624077804, 0, 0, 15.67
AFLfast,xmllint,10,1624077825, 0, 0, 8.33
AFLfast,xmllint,10,1624077840, 0, 0, 15.81
AFLfast,xmllint,10,1624077851, 0, 0, 15.90
AFLfast,xmllint,10,1624077866, 0, 0, 15.41
AFLfast,xmllint,10,1624077871, 0, 0, 15.38
AFLfast,xmllint,10,1624077876, 0, 0, 15.23
AFLfast,xmllint,10,1624077882, 0, 0, 14.58
AFLfast,xmllint,10,1624077887, 0, 0, 12.48
AFLfast,xmllint,10,1624077903, 0, 0, 7.90
AFLfast,xmllint,10,1624077913, 0, 0, 7.39
AFLfast,xmllint,10,1624077923, 0, 0, 7.27
AFLfast,xmllint,10,1624077954, 0, 0, 7.55
AFLfast,xmllint,10,1624077959, 0, 0, 7.55
AFLfast,xmllint,10,1624078015, 0, 0, 14.88
AFLfast,xmllint,10,1624078041, 0, 0, 14.81
AFLfast,xmllint,10,1624078046, 0, 0, 13.54
AFLfast,xmllint,10,1624078067, 0, 0, 6.95
AFLfast,xmllint,10,1624078073, 0, 0, 6.83
AFLfast,xmllint,10,1624078078, 0, 0, 7.00
AFLfast,xmllint,10,1624078083, 0, 0, 6.68
AFLfast,xmllint,10,1624078088, 0, 0, 6.93
AFLfast,xmllint,10,1624078099, 0, 0, 6.85
AFLfast,xmllint,10,1624078120, 0, 0, 6.76
AFLfast,xmllint,10,1624078130, 0, 0, 6.74
AFLfast,xmllint,10,1624078191, 0, 0, 6.80
AFLfast,xmllint,10,1624078207, 0, 0, 6.76
AFLfast,xmllint,10,1624078217, 0, 0, 7.18
AFLfast,xmllint,10,1624078223, 0, 0, 7.20
AFLfast,xmllint,10,1624078239, 0, 0, 6.79
AFLfast,xmllint,10,1624078264, 0, 0, 11.88
AFLfast,xmllint,10,1624078269, 0, 0, 12.54
AFLfast,xmllint,10,1624078290, 0, 0, 13.27
AFLfast,xmllint,10,1624078295, 0, 0, 7.45
AFLfast,xmllint,10,1624078316, 0, 0, 14.55
AFLfast,xmllint,10,1624078341, 0, 0, 7.39
AFLfast,xmllint,10,1624078368, 0, 0, 14.61
AFLfast,xmllint,10,1624078378, 0, 0, 15.13
AFLfast,xmllint,10,1624078394, 0, 0, 2.35
AFLfast,xmllint,10,1624078409, 0, 0, 15.20
AFLfast,xmllint,10,1624078420, 0, 0, 15.80
AFLfast,xmllint,10,1624078435, 0, 0, 15.19
AFLfast,xmllint,10,1624078445, 0, 0, 14.97
AFLfast,xmllint,10,1624078450, 0, 0, 13.78
AFLfast,xmllint,10,1624078461, 0, 0, 1.97
AFLfast,xmllint,10,1624078477, 0, 0, 12.60
AFLfast,xmllint,10,1624078493, 0, 0, 14.46
AFLfast,xmllint,10,1624078503, 0, 0, 15.60
AFLfast,xmllint,10,1624078519, 0, 0, 16.19
AFLfast,xmllint,10,1624078529, 0, 0, 15.55
AFLfast,xmllint,10,1624078545, 0, 0, 16.56
AFLfast,xmllint,10,1624078555, 0, 0, 14.71
AFLfast,xmllint,10,1624078560, 0, 0, 14.63
AFLfast,xmllint,10,1624078566, 0, 0, 14.26
AFLfast,xmllint,10,1624078576, 0, 0, 14.84
AFLfast,xmllint,10,1624078586, 0, 0, 11.76
AFLfast,xmllint,10,1624078597, 0, 0, 8.55
AFLfast,xmllint,10,1624078607, 0, 0, 11.12
AFLfast,xmllint,10,1624078670, 0, 0, 7.21
AFLfast,xmllint,10,1624078712, 0, 0, 13.77
AFLfast,xmllint,10,1624078728, 0, 0, 20.39
AFLfast,xmllint,10,1624078738, 0, 0, 13.80
AFLfast,xmllint,10,1624078748, 0, 0, 15.46
AFLfast,xmllint,10,1624078753, 0, 0, 16.17
AFLfast,xmllint,10,1624078764, 0, 0, 11.91
AFLfast,xmllint,10,1624078771, 0, 0, 0.45
AFLfast,xmllint,10,1624078792, 0, 0, 19.94
AFLfast,xmllint,10,1624078803, 0, 0, 17.66
AFLfast,xmllint,10,1624078813, 0, 0, 18.28
AFLfast,xmllint,10,1624078823, 0, 0, 17.69
AFLfast,xmllint,10,1624078833, 0, 0, 18.25
AFLfast,xmllint,10,1624078844, 0, 0, 18.36
AFLfast,xmllint,10,1624078854, 0, 0, 18.59
AFLfast,xmllint,10,1624078859, 0, 0, 18.05
AFLfast,xmllint,10,1624078870, 0, 0, 18.02
AFLfast,xmllint,10,1624078880, 0, 0, 18.14
AFLfast,xmllint,10,1624078890, 0, 0, 17.86
AFLfast,xmllint,10,1624078901, 0, 0, 18.13
AFLfast,xmllint,10,1624078911, 0, 0, 17.85
AFLfast,xmllint,10,1624078921, 0, 0, 18.10
AFLfast,xmllint,10,1624078932, 0, 0, 18.76
AFLfast,xmllint,10,1624078937, 0, 0, 18.13
AFLfast,xmllint,10,1624078947, 0, 0, 18.45
AFLfast,xmllint,10,1624078957, 0, 0, 17.83
AFLfast,xmllint,10,1624078968, 0, 0, 18.24
AFLfast,xmllint,10,1624078978, 0, 0, 17.43
AFLfast,xmllint,10,1624078988, 0, 0, 18.30
AFLfast,xmllint,10,1624078999, 0, 0, 16.93
AFLfast,xmllint,10,1624079004, 0, 0, 17.33
AFLfast,xmllint,10,1624079010, 0, 0, 15.92
AFLfast,xmllint,10,1624079020, 0, 0, 18.37
AFLfast,xmllint,10,1624079030, 0, 0, 16.82
AFLfast,xmllint,10,1624079046, 0, 0, 14.01
AFLfast,xmllint,10,1624079056, 0, 0, 16.69
AFLfast,xmllint,10,1624079066, 0, 0, 17.20
AFLfast,xmllint,10,1624079076, 0, 0, 16.79
AFLfast,xmllint,10,1624079081, 0, 0, 16.37
AFLfast,xmllint,10,1624079087, 0, 0, 1.71
AFLfast,xmllint,10,1624079098, 0, 0, 16.91
AFLfast,xmllint,10,1624079118, 0, 0, 8.97
AFLfast,xmllint,10,1624079128, 0, 0, 15.97
AFLfast,xmllint,10,1624079139, 0, 0, 16.19
AFLfast,xmllint,10,1624079149, 0, 0, 16.91
AFLfast,xmllint,10,1624079160, 0, 0, 17.91
AFLfast,xmllint,10,1624079170, 0, 0, 18.10
AFLfast,xmllint,10,1624079180, 0, 0, 17.58
AFLfast,xmllint,10,1624079191, 0, 0, 18.31
AFLfast,xmllint,10,1624079196, 0, 0, 1.97
AFLfast,xmllint,10,1624079211, 0, 0, 18.10
AFLfast,xmllint,10,1624079216, 0, 0, 17.06
AFLfast,xmllint,10,1624079227, 0, 0, 16.85
AFLfast,xmllint,10,1624079237, 0, 0, 17.56
AFLfast,xmllint,10,1624079247, 0, 0, 17.66
AFLfast,xmllint,10,1624079257, 0, 0, 18.39
AFLfast,xmllint,10,1624079268, 0, 0, 17.44
AFLfast,xmllint,10,1624079278, 0, 0, 17.34
AFLfast,xmllint,10,1624079288, 0, 0, 17.35
AFLfast,xmllint,10,1624079298, 0, 0, 16.44
AFLfast,xmllint,10,1624079309, 0, 0, 17.37
AFLfast,xmllint,10,1624079319, 0, 0, 17.11
AFLfast,xmllint,10,1624079325, 0, 0, 17.93
AFLfast,xmllint,10,1624079335, 0, 0, 18.45
AFLfast,xmllint,10,1624079340, 0, 0, 2.56
AFLfast,xmllint,10,1624079356, 0, 0, 16.72
AFLfast,xmllint,10,1624079367, 0, 0, 11.00
AFLfast,xmllint,10,1624079378, 0, 0, 15.57
AFLfast,xmllint,10,1624079388, 0, 0, 17.63
AFLfast,xmllint,10,1624079398, 0, 0, 18.12
AFLfast,xmllint,10,1624079408, 0, 0, 17.67
AFLfast,xmllint,10,1624079419, 0, 0, 18.71
AFLfast,xmllint,10,1624079429, 0, 0, 18.62
AFLfast,xmllint,10,1624079440, 0, 0, 3.41
AFLfast,xmllint,10,1624079456, 0, 0, 18.85
AFLfast,xmllint,10,1624079461, 0, 0, 17.91
AFLfast,xmllint,10,1624079471, 0, 0, 17.99
AFLfast,xmllint,10,1624079477, 0, 0, 17.90
AFLfast,xmllint,10,1624079487, 0, 0, 17.81
AFLfast,xmllint,10,1624079497, 0, 0, 7.97
AFLfast,xmllint,10,1624079507, 0, 0, 3.82
AFLfast,xmllint,10,1624079523, 0, 0, 14.18
AFLfast,xmllint,10,1624079528, 0, 0, 17.19
AFLfast,xmllint,10,1624079533, 0, 0, 17.78
AFLfast,xmllint,10,1624079538, 0, 0, 1.89
AFLfast,xmllint,10,1624079553, 0, 0, 18.16
AFLfast,xmllint,10,1624079559, 0, 0, 17.08
AFLfast,xmllint,10,1624079564, 0, 0, 14.32
AFLfast,xmllint,10,1624079574, 0, 0, 17.44
AFLfast,xmllint,10,1624079591, 0, 0, 0.42
AFLfast,xmllint,10,1624079611, 0, 0, 18.39
AFLfast,xmllint,10,1624079622, 0, 0, 17.86
AFLfast,xmllint,10,1624079632, 0, 0, 1.71
AFLfast,xmllint,10,1624079643, 0, 0, 2.52
AFLfast,xmllint,10,1624079653, 0, 0, 19.06
AFLfast,xmllint,10,1624079664, 0, 0, 17.60
AFLfast,xmllint,10,1624079674, 0, 0, 17.83
AFLfast,xmllint,10,1624079684, 0, 0, 18.21
AFLfast,xmllint,10,1624079694, 0, 0, 18.09
AFLfast,xmllint,10,1624079705, 0, 0, 18.99
AFLfast,xmllint,10,1624079715, 0, 0, 18.41
AFLfast,xmllint,10,1624079731, 0, 0, 17.56
AFLfast,xmllint,10,1624079742, 0, 0, 15.67
AFLfast,xmllint,10,1624079752, 0, 0, 19.85
AFLfast,xmllint,10,1624079762, 0, 0, 17.21
AFLfast,xmllint,10,1624079773, 0, 0, 1.04
AFLfast,xmllint,10,1624079794, 0, 0, 12.06
AFLfast,xmllint,10,1624079804, 0, 0, 17.04
AFLfast,xmllint,10,1624079809, 0, 0, 19.89
AFLfast,xmllint,10,1624079819, 0, 0, 14.00
AFLfast,xmllint,10,1624079830, 0, 0, 20.10
AFLfast,xmllint,10,1624079840, 0, 0, 21.46
AFLfast,xmllint,10,1624079855, 0, 0, 11.94
AFLfast,xmllint,10,1624079865, 0, 0, 16.47
AFLfast,xmllint,10,1624079871, 0, 0, 0.89
AFLfast,xmllint,10,1624079886, 0, 0, 15.37
AFLfast,xmllint,10,1624079902, 0, 0, 15.22
AFLfast,xmllint,10,1624079912, 0, 0, 15.36
AFLfast,xmllint,10,1624079923, 0, 0, 9.55
AFLfast,xmllint,10,1624079943, 0, 0, 8.40
AFLfast,xmllint,10,1624079959, 0, 0, 8.26
AFLfast,xmllint,10,1624079964, 0, 0, 8.07
AFLfast,xmllint,10,1624079980, 0, 0, 7.34
AFLfast,xmllint,10,1624079995, 0, 0, 8.31
AFLfast,xmllint,10,1624080015, 0, 0, 9.61
AFLfast,xmllint,10,1624080031, 0, 0, 14.42
AFLfast,xmllint,10,1624080041, 0, 0, 17.80
AFLfast,xmllint,10,1624080046, 0, 0, 3.40
AFLfast,xmllint,10,1624080057, 0, 0, 18.76
AFLfast,xmllint,10,1624080063, 0, 0, 1.08
AFLfast,xmllint,10,1624080073, 0, 0, 2.12
AFLfast,xmllint,10,1624080090, 0, 0, 0.80
AFLfast,xmllint,10,1624080106, 0, 0, 7.31
AFLfast,xmllint,10,1624080117, 0, 0, 2.48
AFLfast,xmllint,10,1624080132, 0, 0, 14.72
AFLfast,xmllint,10,1624080143, 0, 0, 15.22
AFLfast,xmllint,10,1624080153, 0, 0, 16.40
AFLfast,xmllint,10,1624080164, 0, 0, 16.76
AFLfast,xmllint,10,1624080179, 0, 0, 13.92
AFLfast,xmllint,10,1624080190, 0, 0, 16.38
AFLfast,xmllint,10,1624080195, 0, 0, 15.00
AFLfast,xmllint,10,1624080210, 0, 0, 16.41
AFLfast,xmllint,10,1624080220, 0, 0, 15.68
AFLfast,xmllint,10,1624080231, 0, 0, 16.04
AFLfast,xmllint,10,1624080241, 0, 0, 2.58
AFLfast,xmllint,10,1624080267, 0, 0, 12.61
AFLfast,xmllint,10,1624080277, 0, 0, 17.08
AFLfast,xmllint,10,1624080293, 0, 0, 17.25
AFLfast,xmllint,10,1624080303, 0, 0, 17.64
AFLfast,xmllint,10,1624080314, 0, 0, 17.46
AFLfast,xmllint,10,1624080324, 0, 0, 17.54
AFLfast,xmllint,10,1624080334, 0, 0, 16.87
AFLfast,xmllint,10,1624080345, 0, 0, 18.20
AFLfast,xmllint,10,1624080355, 0, 0, 16.63
AFLfast,xmllint,10,1624080371, 0, 0, 16.14
AFLfast,xmllint,10,1624080381, 0, 0, 15.49
AFLfast,xmllint,10,1624080391, 0, 0, 17.53
AFLfast,xmllint,10,1624080402, 0, 0, 2.39
AFLfast,xmllint,10,1624080417, 0, 0, 18.10
AFLfast,xmllint,10,1624080427, 0, 0, 17.30
AFLfast,xmllint,10,1624080438, 0, 0, 16.54
AFLfast,xmllint,10,1624080448, 0, 0, 3.48
AFLfast,xmllint,10,1624080463, 0, 0, 16.42
AFLfast,xmllint,10,1624080469, 0, 0, 4.25
AFLfast,xmllint,10,1624080479, 0, 0, 17.32
AFLfast,xmllint,10,1624080489, 0, 0, 18.18
AFLfast,xmllint,10,1624080495, 0, 0, 16.54
AFLfast,xmllint,10,1624080500, 0, 0, 21.88
AFLfast,xmllint,10,1624080505, 0, 0, 21.28
AFLfast,xmllint,10,1624080510, 0, 0, 14.54
AFLfast,xmllint,10,1624080520, 0, 0, 14.85
AFLfast,xmllint,10,1624080531, 0, 0, 15.81
AFLfast,xmllint,10,1624080541, 0, 0, 16.34
AFLfast,xmllint,10,1624080546, 0, 0, 18.94
AFLfast,xmllint,10,1624080557, 0, 0, 17.81
AFLfast,xmllint,10,1624080567, 0, 0, 15.74
AFLfast,xmllint,10,1624080577, 0, 0, 15.77
AFLfast,xmllint,10,1624080588, 0, 0, 15.43
AFLfast,xmllint,10,1624080598, 0, 0, 15.50
AFLfast,xmllint,10,1624080608, 0, 0, 14.98
AFLfast,xmllint,10,1624080619, 0, 0, 15.39
AFLfast,xmllint,10,1624080629, 0, 0, 16.04
AFLfast,xmllint,10,1624080634, 0, 0, 8.43
AFLfast,xmllint,10,1624080644, 0, 0, 13.51
AFLfast,xmllint,10,1624080655, 0, 0, 15.61
AFLfast,xmllint,10,1624080660, 0, 0, 13.00
AFLfast,xmllint,10,1624080670, 0, 0, 16.67
AFLfast,xmllint,10,1624080676, 0, 0, 17.46
AFLfast,xmllint,10,1624080707, 0, 0, 1.08
AFLfast,xmllint,10,1624080727, 0, 0, 8.60
AFLfast,xmllint,10,1624080738, 0, 0, 14.05
AFLfast,xmllint,10,1624080748, 0, 0, 16.81
AFLfast,xmllint,10,1624080753, 0, 0, 17.01
AFLfast,xmllint,10,1624080758, 0, 0, 10.47
AFLfast,xmllint,10,1624080763, 0, 0, 2.64
AFLfast,xmllint,10,1624080774, 0, 0, 4.43
AFLfast,xmllint,10,1624080784, 0, 0, 16.34
AFLfast,xmllint,10,1624080795, 0, 0, 12.56
AFLfast,xmllint,10,1624080800, 0, 0, 10.81
AFLfast,xmllint,10,1624080805, 0, 0, 2.12
AFLfast,xmllint,10,1624080810, 0, 0, 3.66
AFLfast,xmllint,10,1624080815, 0, 0, 19.16
AFLfast,xmllint,10,1624080826, 0, 0, 22.02
AFLfast,xmllint,10,1624080831, 0, 0, 21.29
AFLfast,xmllint,10,1624080836, 0, 0, 20.87
AFLfast,xmllint,10,1624080841, 0, 0, 20.54
AFLfast,xmllint,10,1624080852, 0, 0, 20.03
AFLfast,xmllint,10,1624080862, 0, 0, 4.10
AFLfast,xmllint,10,1624080872, 0, 0, 9.03
AFLfast,xmllint,10,1624080877, 0, 0, 9.85
AFLfast,xmllint,10,1624080893, 0, 0, 9.86
AFLfast,xmllint,10,1624080928, 0, 0, 13.33
AFLfast,xmllint,10,1624080944, 0, 0, 12.18
AFLfast,xmllint,10,1624080964, 0, 0, 10.87
AFLfast,xmllint,10,1624080974, 0, 0, 8.68
AFLfast,xmllint,10,1624080995, 0, 0, 1.24
AFLfast,xmllint,10,1624081010, 0, 0, 9.31
AFLfast,xmllint,10,1624081015, 0, 0, 9.13
AFLfast,xmllint,10,1624081026, 0, 0, 9.99
AFLfast,xmllint,10,1624081051, 0, 0, 10.88
AFLfast,xmllint,10,1624081139, 0, 0, 2.42
AFLfast,xmllint,10,1624081149, 0, 0, 17.24
AFLfast,xmllint,10,1624081154, 0, 0, 24.01
AFLfast,xmllint,10,1624081159, 0, 0, 22.27
AFLfast,xmllint,10,1624081175, 0, 0, 20.47
AFLfast,xmllint,10,1624081180, 0, 0, 21.57
AFLfast,xmllint,10,1624081190, 0, 0, 23.25
AFLfast,xmllint,10,1624081196, 0, 0, 22.49
AFLfast,xmllint,10,1624081201, 0, 0, 22.34
AFLfast,xmllint,10,1624081211, 0, 0, 22.73
AFLfast,xmllint,10,1624081216, 0, 0, 22.86
AFLfast,xmllint,10,1624081226, 0, 0, 23.34
AFLfast,xmllint,10,1624081231, 0, 0, 22.05
AFLfast,xmllint,10,1624081237, 0, 0, 22.32
AFLfast,xmllint,10,1624081247, 0, 0, 22.29
AFLfast,xmllint,10,1624081252, 0, 0, 21.21
AFLfast,xmllint,10,1624081262, 0, 0, 20.85
AFLfast,xmllint,10,1624081273, 0, 0, 20.62
AFLfast,xmllint,10,1624081288, 0, 0, 19.96
AFLfast,xmllint,10,1624081319, 0, 0, 11.07
AFLfast,xmllint,10,1624081329, 0, 0, 19.96
AFLfast,xmllint,10,1624081334, 0, 0, 20.32
AFLfast,xmllint,10,1624081339, 0, 0, 19.49
AFLfast,xmllint,10,1624081344, 0, 0, 19.37
AFLfast,xmllint,10,1624081350, 0, 0, 20.01
AFLfast,xmllint,10,1624081371, 0, 0, 20.23
AFLfast,xmllint,10,1624081386, 0, 0, 9.05
AFLfast,xmllint,10,1624081391, 0, 0, 10.04
AFLfast,xmllint,10,1624081417, 0, 0, 10.09
AFLfast,xmllint,10,1624081453, 0, 0, 9.92
AFLfast,xmllint,10,1624081468, 0, 0, 10.47
AFLfast,xmllint,10,1624081484, 0, 0, 19.01
AFLfast,xmllint,10,1624081494, 0, 0, 21.32
AFLfast,xmllint,10,1624081504, 0, 0, 16.01
AFLfast,xmllint,10,1624081510, 0, 0, 18.48
AFLfast,xmllint,10,1624081520, 0, 0, 19.92
AFLfast,xmllint,10,1624081525, 0, 0, 19.13
AFLfast,xmllint,10,1624081536, 0, 0, 1.46
AFLfast,xmllint,10,1624081551, 0, 0, 18.25
AFLfast,xmllint,10,1624081556, 0, 0, 19.17
AFLfast,xmllint,10,1624081561, 0, 0, 19.03
AFLfast,xmllint,10,1624081582, 0, 0, 19.75
AFLfast,xmllint,10,1624081587, 0, 0, 19.65
AFLfast,xmllint,10,1624081628, 0, 0, 13.84
AFLfast,xmllint,10,1624081648, 0, 0, 10.60
AFLfast,xmllint,10,1624081664, 0, 0, 14.23
AFLfast,xmllint,10,1624081669, 0, 0, 19.12
AFLfast,xmllint,10,1624081679, 0, 0, 20.51
AFLfast,xmllint,10,1624081684, 0, 0, 20.63
AFLfast,xmllint,10,1624081695, 0, 0, 21.67
AFLfast,xmllint,10,1624081700, 0, 0, 21.14
AFLfast,xmllint,10,1624081710, 0, 0, 21.77
AFLfast,xmllint,10,1624081715, 0, 0, 13.52
AFLfast,xmllint,10,1624081720, 0, 0, 18.89
AFLfast,xmllint,10,1624081731, 0, 0, 12.09
AFLfast,xmllint,10,1624081741, 0, 0, 20.02
AFLfast,xmllint,10,1624081746, 0, 0, 20.70
AFLfast,xmllint,10,1624081756, 0, 0, 21.64
AFLfast,xmllint,10,1624081762, 0, 0, 21.08
AFLfast,xmllint,10,1624081767, 0, 0, 21.02
AFLfast,xmllint,10,1624081778, 0, 0, 21.41
AFLfast,xmllint,10,1624081783, 0, 0, 21.28
AFLfast,xmllint,10,1624081793, 0, 0, 21.44
AFLfast,xmllint,10,1624081798, 0, 0, 19.74
AFLfast,xmllint,10,1624081804, 0, 0, 19.82
AFLfast,xmllint,10,1624081809, 0, 0, 20.41
AFLfast,xmllint,10,1624081819, 0, 0, 21.23
AFLfast,xmllint,10,1624081824, 0, 0, 21.23
AFLfast,xmllint,10,1624081835, 0, 0, 21.29
AFLfast,xmllint,10,1624081840, 0, 0, 21.30
AFLfast,xmllint,10,1624081845, 0, 0, 10.92
AFLfast,xmllint,10,1624081850, 0, 0, 20.01
AFLfast,xmllint,10,1624081856, 0, 0, 1.17
AFLfast,xmllint,10,1624081871, 0, 0, 10.09
AFLfast,xmllint,10,1624081887, 0, 0, 18.54
AFLfast,xmllint,10,1624081897, 0, 0, 21.51
AFLfast,xmllint,10,1624081902, 0, 0, 21.22
AFLfast,xmllint,10,1624081912, 0, 0, 20.36
AFLfast,xmllint,10,1624081918, 0, 0, 19.96
AFLfast,xmllint,10,1624081923, 0, 0, 19.34
AFLfast,xmllint,10,1624081933, 0, 0, 20.90
AFLfast,xmllint,10,1624081943, 0, 0, 15.81
AFLfast,xmllint,10,1624081953, 0, 0, 16.29
AFLfast,xmllint,10,1624081964, 0, 0, 1.20
AFLfast,xmllint,10,1624081974, 0, 0, 20.08
AFLfast,xmllint,10,1624081985, 0, 0, 20.44
AFLfast,xmllint,10,1624081995, 0, 0, 19.86
AFLfast,xmllint,10,1624082000, 0, 0, 19.74
AFLfast,xmllint,10,1624082021, 0, 0, 8.77
AFLfast,xmllint,10,1624082032, 0, 0, 14.76
AFLfast,xmllint,10,1624082047, 0, 0, 19.56
AFLfast,xmllint,10,1624082057, 0, 0, 15.09
AFLfast,xmllint,10,1624082068, 0, 0, 16.99
AFLfast,xmllint,10,1624082078, 0, 0, 6.92
AFLfast,xmllint,10,1624082088, 0, 0, 13.57
AFLfast,xmllint,10,1624082104, 0, 0, 10.88
AFLfast,xmllint,10,1624082114, 0, 0, 19.29
AFLfast,xmllint,10,1624082119, 0, 0, 19.07
AFLfast,xmllint,10,1624082124, 0, 0, 19.50
AFLfast,xmllint,10,1624082135, 0, 0, 20.97
AFLfast,xmllint,10,1624082140, 0, 0, 20.23
AFLfast,xmllint,10,1624082155, 0, 0, 18.94
AFLfast,xmllint,10,1624082160, 0, 0, 19.50
AFLfast,xmllint,10,1624082165, 0, 0, 19.42
AFLfast,xmllint,10,1624082175, 0, 0, 22.08
AFLfast,xmllint,10,1624082181, 0, 0, 22.52
AFLfast,xmllint,10,1624082191, 0, 0, 22.44
AFLfast,xmllint,10,1624082196, 0, 0, 22.38
AFLfast,xmllint,10,1624082201, 0, 0, 23.00
AFLfast,xmllint,10,1624082211, 0, 0, 22.22
AFLfast,xmllint,10,1624082222, 0, 0, 11.85
AFLfast,xmllint,10,1624082232, 0, 0, 14.86
AFLfast,xmllint,10,1624082243, 0, 0, 21.51
AFLfast,xmllint,10,1624082248, 0, 0, 22.52
AFLfast,xmllint,10,1624082253, 0, 0, 22.04
AFLfast,xmllint,10,1624082258, 0, 0, 20.93
AFLfast,xmllint,10,1624082269, 0, 0, 8.18
AFLfast,xmllint,10,1624082274, 0, 0, 18.11
AFLfast,xmllint,10,1624082284, 0, 0, 22.50
AFLfast,xmllint,10,1624082289, 0, 0, 21.56
AFLfast,xmllint,10,1624082299, 0, 0, 13.10
AFLfast,xmllint,10,1624082310, 0, 0, 13.88
AFLfast,xmllint,10,1624082320, 0, 0, 21.61
AFLfast,xmllint,10,1624082325, 0, 0, 22.31
AFLfast,xmllint,10,1624082330, 0, 0, 20.00
AFLfast,xmllint,10,1624082341, 0, 0, 22.86
AFLfast,xmllint,10,1624082346, 0, 0, 24.69
AFLfast,xmllint,10,1624082351, 0, 0, 24.42
AFLfast,xmllint,10,1624082356, 0, 0, 23.55
AFLfast,xmllint,10,1624082366, 0, 0, 22.04
AFLfast,xmllint,10,1624082382, 0, 0, 18.92
AFLfast,xmllint,10,1624082387, 0, 0, 21.47
AFLfast,xmllint,10,1624082392, 0, 0, 21.35
AFLfast,xmllint,10,1624082397, 0, 0, 21.18
AFLfast,xmllint,10,1624082407, 0, 0, 23.12
AFLfast,xmllint,10,1624082412, 0, 0, 22.31
AFLfast,xmllint,10,1624082417, 0, 0, 23.24
AFLfast,xmllint,10,1624082423, 0, 0, 24.00
AFLfast,xmllint,10,1624082428, 0, 0, 23.24
AFLfast,xmllint,10,1624082433, 0, 0, 24.06
AFLfast,xmllint,10,1624082448, 0, 0, 11.60
AFLfast,xmllint,10,1624082459, 0, 0, 16.83
AFLfast,xmllint,10,1624082464, 0, 0, 21.66
AFLfast,xmllint,10,1624082474, 0, 0, 23.10
AFLfast,xmllint,10,1624082479, 0, 0, 23.16
AFLfast,xmllint,10,1624082484, 0, 0, 23.30
AFLfast,xmllint,10,1624082495, 0, 0, 24.12
AFLfast,xmllint,10,1624082500, 0, 0, 24.25
AFLfast,xmllint,10,1624082505, 0, 0, 24.23
AFLfast,xmllint,10,1624082515, 0, 0, 24.19
AFLfast,xmllint,10,1624082520, 0, 0, 24.77
AFLfast,xmllint,10,1624082525, 0, 0, 24.23
AFLfast,xmllint,10,1624082531, 0, 0, 24.40
AFLfast,xmllint,10,1624082536, 0, 0, 23.82
AFLfast,xmllint,10,1624082546, 0, 0, 5.43
AFLfast,xmllint,10,1624082551, 0, 0, 18.35
AFLfast,xmllint,10,1624082556, 0, 0, 21.92
AFLfast,xmllint,10,1624082562, 0, 0, 22.78
AFLfast,xmllint,10,1624082567, 0, 0, 23.46
AFLfast,xmllint,10,1624082572, 0, 0, 22.71
AFLfast,xmllint,10,1624082577, 0, 0, 5.05
AFLfast,xmllint,10,1624082602, 0, 0, 11.72
AFLfast,xmllint,10,1624082623, 0, 0, 12.65
AFLfast,xmllint,10,1624082640, 0, 0, 2.38
AFLfast,xmllint,10,1624082655, 0, 0, 16.61
AFLfast,xmllint,10,1624082660, 0, 0, 21.80
AFLfast,xmllint,10,1624082671, 0, 0, 23.36
AFLfast,xmllint,10,1624082676, 0, 0, 9.90
AFLfast,xmllint,10,1624082681, 0, 0, 19.41
AFLfast,xmllint,10,1624082686, 0, 0, 25.45
AFLfast,xmllint,10,1624082692, 0, 0, 24.96
AFLfast,xmllint,10,1624082702, 0, 0, 24.61
AFLfast,xmllint,10,1624082707, 0, 0, 24.38
AFLfast,xmllint,10,1624082712, 0, 0, 24.90
AFLfast,xmllint,10,1624082723, 0, 0, 11.46
AFLfast,xmllint,10,1624082733, 0, 0, 12.49
AFLfast,xmllint,10,1624082743, 0, 0, 22.71
AFLfast,xmllint,10,1624082748, 0, 0, 23.37
AFLfast,xmllint,10,1624082754, 0, 0, 23.26
AFLfast,xmllint,10,1624082764, 0, 0, 23.68
AFLfast,xmllint,10,1624082769, 0, 0, 24.37
AFLfast,xmllint,10,1624082774, 0, 0, 24.95
AFLfast,xmllint,10,1624082779, 0, 0, 24.21
AFLfast,xmllint,10,1624082790, 0, 0, 26.03
AFLfast,xmllint,10,1624082795, 0, 0, 6.98
AFLfast,xmllint,10,1624082800, 0, 0, 11.70
AFLfast,xmllint,10,1624082810, 0, 0, 26.44
AFLfast,xmllint,10,1624082815, 0, 0, 25.82
AFLfast,xmllint,10,1624082825, 0, 0, 25.26
AFLfast,xmllint,10,1624082836, 0, 0, 24.65
AFLfast,xmllint,10,1624082841, 0, 0, 24.69
AFLfast,xmllint,10,1624082846, 0, 0, 25.22
AFLfast,xmllint,10,1624082851, 0, 0, 28.69
AFLfast,xmllint,10,1624082856, 0, 0, 25.86
AFLfast,xmllint,10,1624082867, 0, 0, 18.55
AFLfast,xmllint,10,1624082877, 0, 0, 19.89
AFLfast,xmllint,10,1624082882, 0, 0, 22.77
AFLfast,xmllint,10,1624082892, 0, 0, 23.54
AFLfast,xmllint,10,1624082897, 0, 0, 25.83
AFLfast,xmllint,10,1624082903, 0, 0, 25.85
AFLfast,xmllint,10,1624082908, 0, 0, 24.86
AFLfast,xmllint,10,1624082913, 0, 0, 24.79
AFLfast,xmllint,10,1624082918, 0, 0, 24.83
AFLfast,xmllint,10,1624082934, 0, 0, 5.97
AFLfast,xmllint,10,1624082949, 0, 0, 12.82
AFLfast,xmllint,10,1624082970, 0, 0, 13.60
AFLfast,xmllint,10,1624082975, 0, 0, 16.37
AFLfast,xmllint,10,1624082982, 0, 0, 1.84
AFLfast,xmllint,10,1624083002, 0, 0, 13.56
AFLfast,xmllint,10,1624083012, 0, 0, 13.35
AFLfast,xmllint,10,1624083022, 0, 0, 13.79
AFLfast,xmllint,10,1624083033, 0, 0, 13.64
AFLfast,xmllint,10,1624083038, 0, 0, 12.94
AFLfast,xmllint,10,1624083054, 0, 0, 13.47
AFLfast,xmllint,10,1624083069, 0, 0, 19.89
AFLfast,xmllint,10,1624083074, 0, 0, 23.72
AFLfast,xmllint,10,1624083080, 0, 0, 19.05
AFLfast,xmllint,10,1624083085, 0, 0, 15.90
AFLfast,xmllint,10,1624083090, 0, 0, 23.71
AFLfast,xmllint,10,1624083096, 0, 0, 26.61
AFLfast,xmllint,10,1624083101, 0, 0, 26.73
AFLfast,xmllint,10,1624083106, 0, 0, 25.99
AFLfast,xmllint,10,1624083111, 0, 0, 27.35
AFLfast,xmllint,10,1624083116, 0, 0, 27.49
AFLfast,xmllint,10,1624083121, 0, 0, 25.79
AFLfast,xmllint,10,1624083132, 0, 0, 17.83
AFLfast,xmllint,10,1624083142, 0, 0, 15.10
AFLfast,xmllint,10,1624083153, 0, 0, 14.64
AFLfast,xmllint,10,1624083174, 0, 0, 24.75
AFLfast,xmllint,10,1624083179, 0, 0, 28.49
AFLfast,xmllint,10,1624083190, 0, 0, 25.40
AFLfast,xmllint,10,1624083195, 0, 0, 26.78
AFLfast,xmllint,10,1624083206, 0, 0, 26.37
AFLfast,xmllint,10,1624083211, 0, 0, 26.13
AFLfast,xmllint,10,1624083222, 0, 0, 26.34
AFLfast,xmllint,10,1624083232, 0, 0, 12.84
AFLfast,xmllint,10,1624083248, 0, 0, 20.39
AFLfast,xmllint,10,1624083253, 0, 0, 25.90
AFLfast,xmllint,10,1624083258, 0, 0, 28.26
AFLfast,xmllint,10,1624083263, 0, 0, 25.51
AFLfast,xmllint,10,1624083268, 0, 0, 27.65
AFLfast,xmllint,10,1624083284, 0, 0, 26.52
AFLfast,xmllint,10,1624083335, 0, 0, 7.88
AFLfast,xmllint,10,1624083345, 0, 0, 21.10
AFLfast,xmllint,10,1624083350, 0, 0, 24.75
AFLfast,xmllint,10,1624083355, 0, 0, 26.44
AFLfast,xmllint,10,1624083360, 0, 0, 26.96
AFLfast,xmllint,10,1624083365, 0, 0, 27.34
AFLfast,xmllint,10,1624083370, 0, 0, 27.86
AFLfast,xmllint,10,1624083386, 0, 0, 28.83
AFLfast,xmllint,10,1624083401, 0, 0, 26.72
AFLfast,xmllint,10,1624083411, 0, 0, 18.01
AFLfast,xmllint,10,1624083427, 0, 0, 15.18
AFLfast,xmllint,10,1624083432, 0, 0, 14.67
AFLfast,xmllint,10,1624083437, 0, 0, 14.94
AFLfast,xmllint,10,1624083453, 0, 0, 13.85
AFLfast,xmllint,10,1624083489, 0, 0, 14.82
AFLfast,xmllint,10,1624083510, 0, 0, 11.36
AFLfast,xmllint,10,1624083525, 0, 0, 13.02
AFLfast,xmllint,10,1624083530, 0, 0, 14.13
AFLfast,xmllint,10,1624083540, 0, 0, 14.37
AFLfast,xmllint,10,1624083551, 0, 0, 14.33
AFLfast,xmllint,10,1624083567, 0, 0, 14.20
AFLfast,xmllint,10,1624083582, 0, 0, 14.82
AFLfast,xmllint,10,1624083598, 0, 0, 15.06
AFLfast,xmllint,10,1624083603, 0, 0, 16.11
AFLfast,xmllint,10,1624083614, 0, 0, 19.20
AFLfast,xmllint,10,1624083625, 0, 0, 0.72
AFLfast,xmllint,10,1624083640, 0, 0, 13.84
AFLfast,xmllint,10,1624083646, 0, 0, 13.84
AFLfast,xmllint,10,1624083661, 0, 0, 14.51
AFLfast,xmllint,10,1624083677, 0, 0, 13.65
AFLfast,xmllint,10,1624083692, 0, 0, 15.04
AFLfast,xmllint,10,1624083708, 0, 0, 17.45
AFLfast,xmllint,10,1624083718, 0, 0, 15.73
AFLfast,xmllint,10,1624083728, 0, 0, 20.43
AFLfast,xmllint,10,1624083739, 0, 0, 28.18
AFLfast,xmllint,10,1624083744, 0, 0, 29.97
AFLfast,xmllint,10,1624083749, 0, 0, 28.11
AFLfast,xmllint,10,1624083765, 0, 0, 29.01
AFLfast,xmllint,10,1624083770, 0, 0, 30.38
AFLfast,xmllint,10,1624083775, 0, 0, 29.90
AFLfast,xmllint,10,1624083780, 0, 0, 29.65
AFLfast,xmllint,10,1624083790, 0, 0, 20.34
AFLfast,xmllint,10,1624083811, 0, 0, 15.40
AFLfast,xmllint,10,1624083816, 0, 0, 15.14
AFLfast,xmllint,10,1624083821, 0, 0, 15.53
AFLfast,xmllint,10,1624083836, 0, 0, 15.81
AFLfast,xmllint,10,1624083847, 0, 0, 15.02
AFLfast,xmllint,10,1624083862, 0, 0, 15.06
AFLfast,xmllint,10,1624083867, 0, 0, 15.88
AFLfast,xmllint,10,1624083873, 0, 0, 16.02
AFLfast,xmllint,10,1624083888, 0, 0, 15.95
AFLfast,xmllint,10,1624083893, 0, 0, 15.94
AFLfast,xmllint,10,1624083898, 0, 0, 15.68
AFLfast,xmllint,10,1624083904, 0, 0, 16.17
AFLfast,xmllint,10,1624083909, 0, 0, 15.13
AFLfast,xmllint,10,1624083914, 0, 0, 15.79
AFLfast,xmllint,10,1624083935, 0, 0, 15.60
AFLfast,xmllint,10,1624083940, 0, 0, 16.33
AFLfast,xmllint,10,1624083950, 0, 0, 15.57
AFLfast,xmllint,10,1624083965, 0, 0, 14.88
AFLfast,xmllint,10,1624083976, 0, 0, 15.64
AFLfast,xmllint,10,1624083986, 0, 0, 15.37
AFLfast,xmllint,10,1624084007, 0, 0, 16.14
AFLfast,xmllint,10,1624084017, 0, 0, 16.12
AFLfast,xmllint,10,1624084023, 0, 0, 16.25
AFLfast,xmllint,10,1624084054, 0, 0, 14.79
AFLfast,xmllint,10,1624084070, 0, 0, 0.50
AFLfast,xmllint,10,1624084075, 0, 0, 5.03
AFLfast,xmllint,10,1624084080, 0, 0, 31.96
AFLfast,xmllint,10,1624084085, 0, 0, 30.48
AFLfast,xmllint,10,1624084090, 0, 0, 30.03
AFLfast,xmllint,10,1624084100, 0, 0, 29.38
AFLfast,xmllint,10,1624084106, 0, 0, 29.65
AFLfast,xmllint,10,1624084111, 0, 0, 29.31
AFLfast,xmllint,10,1624084116, 0, 0, 28.90
AFLfast,xmllint,10,1624084121, 0, 0, 28.79
AFLfast,xmllint,10,1624084126, 0, 0, 27.74
AFLfast,xmllint,10,1624084132, 0, 0, 22.59
AFLfast,xmllint,10,1624084137, 0, 0, 18.05
AFLfast,xmllint,10,1624084173, 0, 0, 14.02
AFLfast,xmllint,10,1624084184, 0, 0, 15.76
AFLfast,xmllint,10,1624084194, 0, 0, 11.95
AFLfast,xmllint,10,1624084204, 0, 0, 12.94
AFLfast,xmllint,10,1624084219, 0, 0, 16.12
AFLfast,xmllint,10,1624084225, 0, 0, 15.23
AFLfast,xmllint,10,1624084230, 0, 0, 17.53
AFLfast,xmllint,10,1624084235, 0, 0, 15.97
AFLfast,xmllint,10,1624084240, 0, 0, 15.96
AFLfast,xmllint,10,1624084261, 0, 0, 15.84
AFLfast,xmllint,10,1624084266, 0, 0, 15.13
AFLfast,xmllint,10,1624084302, 0, 0, 15.40
AFLfast,xmllint,10,1624084307, 0, 0, 2.18
AFLfast,xmllint,10,1624084323, 0, 0, 15.79
AFLfast,xmllint,10,1624084328, 0, 0, 15.97
AFLfast,xmllint,10,1624084333, 0, 0, 15.78
AFLfast,xmllint,10,1624084344, 0, 0, 15.37
AFLfast,xmllint,10,1624084349, 0, 0, 15.75
AFLfast,xmllint,10,1624084359, 0, 0, 15.11
AFLfast,xmllint,10,1624084415, 0, 0, 15.83
AFLfast,xmllint,10,1624084426, 0, 0, 15.82
AFLfast,xmllint,10,1624084437, 0, 0, 0.90
AFLfast,xmllint,10,1624084447, 0, 0, 15.40
AFLfast,xmllint,10,1624084457, 0, 0, 1.32
AFLfast,xmllint,10,1624084473, 0, 0, 15.06
AFLfast,xmllint,10,1624084483, 0, 0, 15.24
AFLfast,xmllint,10,1624084488, 0, 0, 19.80
AFLfast,xmllint,10,1624084498, 0, 0, 16.53
AFLfast,xmllint,10,1624084504, 0, 0, 16.27
AFLfast,xmllint,10,1624084514, 0, 0, 14.92
AFLfast,xmllint,10,1624084519, 0, 0, 14.68
AFLfast,xmllint,10,1624084529, 0, 0, 15.40
AFLfast,xmllint,10,1624084580, 0, 0, 22.01
AFLfast,xmllint,10,1624084585, 0, 0, 24.68
AFLfast,xmllint,10,1624084591, 0, 0, 24.54
AFLfast,xmllint,10,1624084601, 0, 0, 28.56
AFLfast,xmllint,10,1624084607, 0, 0, 19.68
AFLfast,xmllint,10,1624084612, 0, 0, 22.80
AFLfast,xmllint,10,1624084622, 0, 0, 28.53
AFLfast,xmllint,10,1624084627, 0, 0, 28.16
AFLfast,xmllint,10,1624084632, 0, 0, 28.80
AFLfast,xmllint,10,1624084637, 0, 0, 25.48
AFLfast,xmllint,10,1624084648, 0, 0, 16.64
AFLfast,xmllint,10,1624084658, 0, 0, 14.92
AFLfast,xmllint,10,1624084669, 0, 0, 22.98
AFLfast,xmllint,10,1624084679, 0, 0, 26.65
AFLfast,xmllint,10,1624084684, 0, 0, 25.09
AFLfast,xmllint,10,1624084690, 0, 0, 25.98
AFLfast,xmllint,10,1624084695, 0, 0, 28.36
AFLfast,xmllint,10,1624084700, 0, 0, 27.42
AFLfast,xmllint,10,1624084711, 0, 0, 4.64
AFLfast,xmllint,10,1624084721, 0, 0, 22.95
AFLfast,xmllint,10,1624084732, 0, 0, 16.06
AFLfast,xmllint,10,1624084742, 0, 0, 14.39
AFLfast,xmllint,10,1624084752, 0, 0, 26.68
AFLfast,xmllint,10,1624084758, 0, 0, 25.59
AFLfast,xmllint,10,1624084763, 0, 0, 27.43
AFLfast,xmllint,10,1624084768, 0, 0, 31.13
AFLfast,xmllint,10,1624084773, 0, 0, 13.39
AFLfast,xmllint,10,1624084783, 0, 0, 25.60
AFLfast,xmllint,10,1624084788, 0, 0, 26.30
AFLfast,xmllint,10,1624084799, 0, 0, 26.16
AFLfast,xmllint,10,1624084804, 0, 0, 3.14
AFLfast,xmllint,10,1624084820, 0, 0, 18.01
AFLfast,xmllint,10,1624084825, 0, 0, 20.40
AFLfast,xmllint,10,1624084835, 0, 0, 23.93
AFLfast,xmllint,10,1624084840, 0, 0, 28.47
AFLfast,xmllint,10,1624084846, 0, 0, 28.11
AFLfast,xmllint,10,1624084856, 0, 0, 29.47
AFLfast,xmllint,10,1624084861, 0, 0, 28.36
AFLfast,xmllint,10,1624084871, 0, 0, 28.63
AFLfast,xmllint,10,1624084876, 0, 0, 21.79
AFLfast,xmllint,10,1624084887, 0, 0, 15.39
AFLfast,xmllint,10,1624084897, 0, 0, 15.75
AFLfast,xmllint,10,1624084913, 0, 0, 13.66
AFLfast,xmllint,10,1624084928, 0, 0, 16.32
AFLfast,xmllint,10,1624084940, 0, 0, 1.87
AFLfast,xmllint,10,1624084955, 0, 0, 17.53
AFLfast,xmllint,10,1624084966, 0, 0, 1.46
AFLfast,xmllint,10,1624084981, 0, 0, 17.27
AFLfast,xmllint,10,1624084992, 0, 0, 16.25
AFLfast,xmllint,10,1624085003, 0, 0, 16.12
AFLfast,xmllint,10,1624085019, 0, 0, 17.43
AFLfast,xmllint,10,1624085029, 0, 0, 16.60
AFLfast,xmllint,10,1624085040, 0, 0, 20.13
AFLfast,xmllint,10,1624085050, 0, 0, 4.32
AFLfast,xmllint,10,1624085056, 0, 0, 11.33
AFLfast,xmllint,10,1624085071, 0, 0, 16.79
AFLfast,xmllint,10,1624085082, 0, 0, 25.40
AFLfast,xmllint,10,1624085088, 0, 0, 28.08
AFLfast,xmllint,10,1624085098, 0, 0, 29.75
AFLfast,xmllint,10,1624085103, 0, 0, 27.87
AFLfast,xmllint,10,1624085108, 0, 0, 10.56
AFLfast,xmllint,10,1624085114, 0, 0, 19.72
AFLfast,xmllint,10,1624085119, 0, 0, 23.18
AFLfast,xmllint,10,1624085124, 0, 0, 26.64
AFLfast,xmllint,10,1624085131, 0, 0, 2.89
AFLfast,xmllint,10,1624085146, 0, 0, 16.22
AFLfast,xmllint,10,1624085162, 0, 0, 11.99
AFLfast,xmllint,10,1624085172, 0, 0, 16.26
AFLfast,xmllint,10,1624085208, 0, 0, 28.08
AFLfast,xmllint,10,1624085213, 0, 0, 6.55
AFLfast,xmllint,10,1624085223, 0, 0, 27.09
AFLfast,xmllint,10,1624085229, 0, 0, 28.20
AFLfast,xmllint,10,1624085234, 0, 0, 26.50
AFLfast,xmllint,10,1624085239, 0, 0, 26.61
AFLfast,xmllint,10,1624085244, 0, 0, 26.17
AFLfast,xmllint,10,1624085250, 0, 0, 26.38
AFLfast,xmllint,10,1624085265, 0, 0, 15.15
AFLfast,xmllint,10,1624085276, 0, 0, 22.49
AFLfast,xmllint,10,1624085281, 0, 0, 28.04
AFLfast,xmllint,10,1624085291, 0, 0, 30.04
AFLfast,xmllint,10,1624085296, 0, 0, 36.90
AFLfast,xmllint,10,1624085301, 0, 0, 29.41
AFLfast,xmllint,10,1624085306, 0, 0, 28.82
AFLfast,xmllint,10,1624085311, 0, 0, 28.02
AFLfast,xmllint,10,1624085316, 0, 0, 29.77
AFLfast,xmllint,10,1624085327, 0, 0, 29.81
AFLfast,xmllint,10,1624085332, 0, 0, 30.53
AFLfast,xmllint,10,1624085337, 0, 0, 21.62
AFLfast,xmllint,10,1624085348, 0, 0, 17.51
AFLfast,xmllint,10,1624085358, 0, 0, 30.13
AFLfast,xmllint,10,1624085363, 0, 0, 30.16
AFLfast,xmllint,10,1624085368, 0, 0, 30.07
AFLfast,xmllint,10,1624085373, 0, 0, 30.88
AFLfast,xmllint,10,1624085383, 0, 0, 31.16
AFLfast,xmllint,10,1624085388, 0, 0, 33.10
AFLfast,xmllint,10,1624085393, 0, 0, 31.05
AFLfast,xmllint,10,1624085404, 0, 0, 30.82
AFLfast,xmllint,10,1624085409, 0, 0, 30.25
AFLfast,xmllint,10,1624085419, 0, 0, 19.58
AFLfast,xmllint,10,1624085424, 0, 0, 24.70
AFLfast,xmllint,10,1624085435, 0, 0, 29.13
AFLfast,xmllint,10,1624085440, 0, 0, 29.76
AFLfast,xmllint,10,1624085445, 0, 0, 30.17
AFLfast,xmllint,10,1624085450, 0, 0, 29.11
AFLfast,xmllint,10,1624085455, 0, 0, 28.90
AFLfast,xmllint,10,1624085460, 0, 0, 29.44
AFLfast,xmllint,10,1624085466, 0, 0, 29.10
AFLfast,xmllint,10,1624085476, 0, 0, 29.28
AFLfast,xmllint,10,1624085482, 0, 0, 26.41
AFLfast,xmllint,10,1624085492, 0, 0, 13.92
AFLfast,xmllint,10,1624085503, 0, 0, 15.39
AFLfast,xmllint,10,1624085513, 0, 0, 16.37
AFLfast,xmllint,10,1624085539, 0, 0, 28.98
AFLfast,xmllint,10,1624085544, 0, 0, 36.11
AFLfast,xmllint,10,1624085549, 0, 0, 26.04
AFLfast,xmllint,10,1624085560, 0, 0, 30.44
AFLfast,xmllint,10,1624085570, 0, 0, 29.85
AFLfast,xmllint,10,1624085575, 0, 0, 29.35
AFLfast,xmllint,10,1624085581, 0, 0, 29.85
AFLfast,xmllint,10,1624085586, 0, 0, 30.63
AFLfast,xmllint,10,1624085607, 0, 0, 19.81
AFLfast,xmllint,10,1624085617, 0, 0, 16.14
AFLfast,xmllint,10,1624085628, 0, 0, 0.51
AFLfast,xmllint,10,1624085634, 0, 0, 0.69
AFLfast,xmllint,10,1624085649, 0, 0, 17.73
AFLfast,xmllint,10,1624085660, 0, 0, 16.40
AFLfast,xmllint,10,1624085676, 0, 0, 25.82
AFLfast,xmllint,10,1624085686, 0, 0, 31.05
AFLfast,xmllint,10,1624085691, 0, 0, 35.98
AFLfast,xmllint,10,1624085696, 0, 0, 33.10
AFLfast,xmllint,10,1624085701, 0, 0, 32.03
AFLfast,xmllint,10,1624085706, 0, 0, 30.63
AFLfast,xmllint,10,1624085711, 0, 0, 31.14
AFLfast,xmllint,10,1624085717, 0, 0, 31.05
AFLfast,xmllint,10,1624085727, 0, 0, 32.35
AFLfast,xmllint,10,1624085732, 0, 0, 26.19
AFLfast,xmllint,10,1624085737, 0, 0, 16.47
AFLfast,xmllint,10,1624085743, 0, 0, 16.67
AFLfast,xmllint,10,1624085748, 0, 0, 2.87
AFLfast,xmllint,10,1624085758, 0, 0, 16.73
AFLfast,xmllint,10,1624085769, 0, 0, 14.88
AFLfast,xmllint,10,1624085784, 0, 0, 20.26
AFLfast,xmllint,10,1624085799, 0, 0, 16.09
AFLfast,xmllint,10,1624085815, 0, 0, 16.83
AFLfast,xmllint,10,1624085820, 0, 0, 16.25
AFLfast,xmllint,10,1624085830, 0, 0, 16.31
AFLfast,xmllint,10,1624085835, 0, 0, 16.28
AFLfast,xmllint,10,1624085862, 0, 0, 15.35
AFLfast,xmllint,10,1624085873, 0, 0, 15.28
AFLfast,xmllint,10,1624085888, 0, 0, 18.49
AFLfast,xmllint,10,1624085899, 0, 0, 16.16
AFLfast,xmllint,10,1624085914, 0, 0, 15.77
AFLfast,xmllint,10,1624085924, 0, 0, 15.35
AFLfast,xmllint,10,1624085940, 0, 0, 19.87
AFLfast,xmllint,10,1624085951, 0, 0, 0.80
AFLfast,xmllint,10,1624085966, 0, 0, 16.17
AFLfast,xmllint,10,1624085976, 0, 0, 22.03
AFLfast,xmllint,10,1624085987, 0, 0, 28.58
AFLfast,xmllint,10,1624085992, 0, 0, 29.63
AFLfast,xmllint,10,1624085997, 0, 0, 30.31
AFLfast,xmllint,10,1624086002, 0, 0, 29.64
AFLfast,xmllint,10,1624086007, 0, 0, 31.02
AFLfast,xmllint,10,1624086018, 0, 0, 28.87
AFLfast,xmllint,10,1624086023, 0, 0, 28.81
AFLfast,xmllint,10,1624086028, 0, 0, 28.91
AFLfast,xmllint,10,1624086033, 0, 0, 27.35
AFLfast,xmllint,10,1624086064, 0, 0, 14.16
AFLfast,xmllint,10,1624086080, 0, 0, 15.07
AFLfast,xmllint,10,1624086095, 0, 0, 15.34
AFLfast,xmllint,10,1624086100, 0, 0, 14.99
AFLfast,xmllint,10,1624086105, 0, 0, 15.41
AFLfast,xmllint,10,1624086115, 0, 0, 15.55
AFLfast,xmllint,10,1624086121, 0, 0, 15.39
AFLfast,xmllint,10,1624086126, 0, 0, 18.78
AFLfast,xmllint,10,1624086141, 0, 0, 15.17
AFLfast,xmllint,10,1624086152, 0, 0, 15.00
AFLfast,xmllint,10,1624086157, 0, 0, 17.52
AFLfast,xmllint,10,1624086172, 0, 0, 17.17
AFLfast,xmllint,10,1624086188, 0, 0, 25.73
AFLfast,xmllint,10,1624086193, 0, 0, 29.30
AFLfast,xmllint,10,1624086198, 0, 0, 29.49
AFLfast,xmllint,10,1624086204, 0, 0, 29.84
AFLfast,xmllint,10,1624086209, 0, 0, 28.88
AFLfast,xmllint,10,1624086214, 0, 0, 29.18
AFLfast,xmllint,10,1624086225, 0, 0, 29.86
AFLfast,xmllint,10,1624086230, 0, 0, 30.60
AFLfast,xmllint,10,1624086261, 0, 0, 0.77
AFLfast,xmllint,10,1624086272, 0, 0, 17.23
AFLfast,xmllint,10,1624086287, 0, 0, 16.32
AFLfast,xmllint,10,1624086298, 0, 0, 16.65
AFLfast,xmllint,10,1624086303, 0, 0, 16.49
AFLfast,xmllint,10,1624086308, 0, 0, 15.88
AFLfast,xmllint,10,1624086318, 0, 0, 15.56
AFLfast,xmllint,10,1624086323, 0, 0, 15.85
AFLfast,xmllint,10,1624086344, 0, 0, 15.82
AFLfast,xmllint,10,1624086355, 0, 0, 15.91
AFLfast,xmllint,10,1624086365, 0, 0, 16.44
AFLfast,xmllint,10,1624086386, 0, 0, 19.29
AFLfast,xmllint,10,1624086396, 0, 0, 16.31
AFLfast,xmllint,10,1624086412, 0, 0, 15.29
AFLfast,xmllint,10,1624086422, 0, 0, 15.63
AFLfast,xmllint,10,1624086433, 0, 0, 22.72
AFLfast,xmllint,10,1624086438, 0, 0, 24.65
AFLfast,xmllint,10,1624086449, 0, 0, 29.31
AFLfast,xmllint,10,1624086454, 0, 0, 27.54
AFLfast,xmllint,10,1624086459, 0, 0, 29.74
AFLfast,xmllint,10,1624086464, 0, 0, 30.32
AFLfast,xmllint,10,1624086469, 0, 0, 30.40
AFLfast,xmllint,10,1624086474, 0, 0, 29.99
AFLfast,xmllint,10,1624086479, 0, 0, 29.45
AFLfast,xmllint,10,1624086490, 0, 0, 26.01
AFLfast,xmllint,10,1624086546, 0, 0, 15.32
AFLfast,xmllint,10,1624086552, 0, 0, 16.29
AFLfast,xmllint,10,1624086562, 0, 0, 15.90
AFLfast,xmllint,10,1624086567, 0, 0, 15.70
AFLfast,xmllint,10,1624086594, 0, 0, 15.83
AFLfast,xmllint,10,1624086604, 0, 0, 15.77
AFLfast,xmllint,10,1624086625, 0, 0, 19.35
AFLfast,xmllint,10,1624086630, 0, 0, 24.74
AFLfast,xmllint,10,1624086641, 0, 0, 32.14
AFLfast,xmllint,10,1624086646, 0, 0, 32.01
AFLfast,xmllint,10,1624086651, 0, 0, 31.55
AFLfast,xmllint,10,1624086656, 0, 0, 30.96
AFLfast,xmllint,10,1624086666, 0, 0, 30.78
AFLfast,xmllint,10,1624086672, 0, 0, 31.42
AFLfast,xmllint,10,1624086677, 0, 0, 32.38
AFLfast,xmllint,10,1624086687, 0, 0, 24.46
AFLfast,xmllint,10,1624086692, 0, 0, 18.07
AFLfast,xmllint,10,1624086708, 0, 0, 15.14
AFLfast,xmllint,10,1624086718, 0, 0, 22.73
AFLfast,xmllint,10,1624086723, 0, 0, 24.70
AFLfast,xmllint,10,1624086729, 0, 0, 27.50
AFLfast,xmllint,10,1624086739, 0, 0, 25.58
AFLfast,xmllint,10,1624086765, 0, 0, 27.66
AFLfast,xmllint,10,1624086770, 0, 0, 27.83
AFLfast,xmllint,10,1624086780, 0, 0, 19.49
AFLfast,xmllint,10,1624086796, 0, 0, 15.46
AFLfast,xmllint,10,1624086807, 0, 0, 15.56
AFLfast,xmllint,10,1624086817, 0, 0, 10.87
AFLfast,xmllint,10,1624086838, 0, 0, 24.66
AFLfast,xmllint,10,1624086843, 0, 0, 25.76
AFLfast,xmllint,10,1624086848, 0, 0, 26.80
AFLfast,xmllint,10,1624086853, 0, 0, 26.01
AFLfast,xmllint,10,1624086858, 0, 0, 27.09
AFLfast,xmllint,10,1624086874, 0, 0, 27.32
AFLfast,xmllint,10,1624086889, 0, 0, 22.38
AFLfast,xmllint,10,1624086899, 0, 0, 13.36
AFLfast,xmllint,10,1624086904, 0, 0, 12.23
AFLfast,xmllint,10,1624086909, 0, 0, 11.55
AFLfast,xmllint,10,1624086915, 0, 0, 11.86
AFLfast,xmllint,10,1624086920, 0, 0, 11.60
AFLfast,xmllint,10,1624086925, 0, 0, 12.60
AFLfast,xmllint,10,1624086935, 0, 0, 11.72
AFLfast,xmllint,10,1624086940, 0, 0, 10.86
AFLfast,xmllint,10,1624086966, 0, 0, 11.46
AFLfast,xmllint,10,1624086986, 0, 0, 11.50
AFLfast,xmllint,10,1624087007, 0, 0, 11.98
AFLfast,xmllint,10,1624087028, 0, 0, 13.24
AFLfast,xmllint,10,1624087049, 0, 0, 16.86
AFLfast,xmllint,10,1624087059, 0, 0, 13.68
AFLfast,xmllint,10,1624087079, 0, 0, 13.67
AFLfast,xmllint,10,1624087095, 0, 0, 14.32
AFLfast,xmllint,10,1624087126, 0, 0, 14.64
AFLfast,xmllint,10,1624087136, 0, 0, 21.92
AFLfast,xmllint,10,1624087142, 0, 0, 25.76
AFLfast,xmllint,10,1624087147, 0, 0, 27.49
AFLfast,xmllint,10,1624087152, 0, 0, 28.95
AFLfast,xmllint,10,1624087162, 0, 0, 27.53
AFLfast,xmllint,10,1624087172, 0, 0, 27.63
AFLfast,xmllint,10,1624087178, 0, 0, 28.02
AFLfast,xmllint,10,1624087224, 0, 0, 14.73
AFLfast,xmllint,10,1624087229, 0, 0, 14.11
AFLfast,xmllint,10,1624087240, 0, 0, 20.96
AFLfast,xmllint,10,1624087250, 0, 0, 2.74
AFLfast,xmllint,10,1624087266, 0, 0, 20.17
AFLfast,xmllint,10,1624087276, 0, 0, 16.08
AFLfast,xmllint,10,1624087287, 0, 0, 25.90
AFLfast,xmllint,10,1624087292, 0, 0, 28.47
AFLfast,xmllint,10,1624087297, 0, 0, 28.54
AFLfast,xmllint,10,1624087302, 0, 0, 28.83
AFLfast,xmllint,10,1624087308, 0, 0, 28.82
AFLfast,xmllint,10,1624087323, 0, 0, 29.43
AFLfast,xmllint,10,1624087328, 0, 0, 29.63
AFLfast,xmllint,10,1624087339, 0, 0, 21.63
AFLfast,xmllint,10,1624087359, 0, 0, 0.86
AFLfast,xmllint,10,1624087380, 0, 0, 14.75
AFLfast,xmllint,10,1624087395, 0, 0, 15.78
AFLfast,xmllint,10,1624087412, 0, 0, 0.83
AFLfast,xmllint,10,1624087432, 0, 0, 17.43
AFLfast,xmllint,10,1624087448, 0, 0, 27.91
AFLfast,xmllint,10,1624087453, 0, 0, 28.94
AFLfast,xmllint,10,1624087463, 0, 0, 29.04
AFLfast,xmllint,10,1624087478, 0, 0, 28.06
AFLfast,xmllint,10,1624087489, 0, 0, 29.22
AFLfast,xmllint,10,1624087506, 0, 0, 3.54
AFLfast,xmllint,10,1624087516, 0, 0, 16.27
AFLfast,xmllint,10,1624087532, 0, 0, 20.73
AFLfast,xmllint,10,1624087547, 0, 0, 28.56
AFLfast,xmllint,10,1624087552, 0, 0, 28.88
AFLfast,xmllint,10,1624087557, 0, 0, 28.61
AFLfast,xmllint,10,1624087562, 0, 0, 28.80
AFLfast,xmllint,10,1624087568, 0, 0, 24.24
AFLfast,xmllint,10,1624087573, 0, 0, 29.58
AFLfast,xmllint,10,1624087578, 0, 0, 30.41
AFLfast,xmllint,10,1624087583, 0, 0, 30.96
AFLfast,xmllint,10,1624087593, 0, 0, 23.83
AFLfast,xmllint,10,1624087603, 0, 0, 17.90
AFLfast,xmllint,10,1624087608, 0, 0, 16.41
AFLfast,xmllint,10,1624087629, 0, 0, 10.55
AFLfast,xmllint,10,1624087639, 0, 0, 16.42
AFLfast,xmllint,10,1624087644, 0, 0, 15.98
AFLfast,xmllint,10,1624087660, 0, 0, 16.10
AFLfast,xmllint,10,1624087670, 0, 0, 15.86
AFLfast,xmllint,10,1624087675, 0, 0, 16.30
AFLfast,xmllint,10,1624087681, 0, 0, 15.97
AFLfast,xmllint,10,1624087696, 0, 0, 15.44
AFLfast,xmllint,10,1624087716, 0, 0, 15.64
AFLfast,xmllint,10,1624087732, 0, 0, 15.69
AFLfast,xmllint,10,1624087748, 0, 0, 17.85
AFLfast,xmllint,10,1624087764, 0, 0, 15.88
AFLfast,xmllint,10,1624087774, 0, 0, 21.39
AFLfast,xmllint,10,1624087779, 0, 0, 30.94
AFLfast,xmllint,10,1624087789, 0, 0, 27.76
AFLfast,xmllint,10,1624087800, 0, 0, 4.93
AFLfast,xmllint,10,1624087805, 0, 0, 25.28
AFLfast,xmllint,10,1624087815, 0, 0, 24.52
AFLfast,xmllint,10,1624087821, 0, 0, 26.65
AFLfast,xmllint,10,1624087831, 0, 0, 26.25
AFLfast,xmllint,10,1624087851, 0, 0, 15.59
AFLfast,xmllint,10,1624087862, 0, 0, 21.48
AFLfast,xmllint,10,1624087872, 0, 0, 29.61
AFLfast,xmllint,10,1624087882, 0, 0, 29.13
AFLfast,xmllint,10,1624087892, 0, 0, 28.39
AFLfast,xmllint,10,1624087902, 0, 0, 30.01
AFLfast,xmllint,10,1624087918, 0, 0, 27.83
AFLfast,xmllint,10,1624087938, 0, 0, 19.77
AFLfast,xmllint,10,1624087949, 0, 0, 28.73
AFLfast,xmllint,10,1624087954, 0, 0, 29.05
AFLfast,xmllint,10,1624087959, 0, 0, 29.38
AFLfast,xmllint,10,1624087980, 0, 0, 29.56
AFLfast,xmllint,10,1624087990, 0, 0, 3.12
AFLfast,xmllint,10,1624088000, 0, 0, 22.43
AFLfast,xmllint,10,1624088021, 0, 0, 16.95
AFLfast,xmllint,10,1624088031, 0, 0, 14.79
AFLfast,xmllint,10,1624088037, 0, 0, 21.94
AFLfast,xmllint,10,1624088047, 0, 0, 28.42
AFLfast,xmllint,10,1624088052, 0, 0, 28.69
AFLfast,xmllint,10,1624088093, 0, 0, 27.74
AFLfast,xmllint,10,1624088109, 0, 0, 15.10
AFLfast,xmllint,10,1624088114, 0, 0, 13.93
AFLfast,xmllint,10,1624088124, 0, 0, 15.32
AFLfast,xmllint,10,1624088145, 0, 0, 15.96
AFLfast,xmllint,10,1624088160, 0, 0, 15.60
AFLfast,xmllint,10,1624088171, 0, 0, 2.79
AFLfast,xmllint,10,1624088187, 0, 0, 25.26
AFLfast,xmllint,10,1624088192, 0, 0, 28.50
AFLfast,xmllint,10,1624088207, 0, 0, 27.70
AFLfast,xmllint,10,1624088228, 0, 0, 25.33
AFLfast,xmllint,10,1624088249, 0, 0, 15.17
AFLfast,xmllint,10,1624088259, 0, 0, 14.40
AFLfast,xmllint,10,1624088264, 0, 0, 13.95
AFLfast,xmllint,10,1624088274, 0, 0, 13.47
AFLfast,xmllint,10,1624088280, 0, 0, 14.28
AFLfast,xmllint,10,1624088305, 0, 0, 19.60
AFLfast,xmllint,10,1624088321, 0, 0, 25.99
AFLfast,xmllint,10,1624088326, 0, 0, 26.01
AFLfast,xmllint,10,1624088341, 0, 0, 26.32
AFLfast,xmllint,10,1624088347, 0, 0, 26.50
AFLfast,xmllint,10,1624088357, 0, 0, 27.64
AFLfast,xmllint,10,1624088373, 0, 0, 12.80
AFLfast,xmllint,10,1624088388, 0, 0, 13.78
AFLfast,xmllint,10,1624088435, 0, 0, 24.83
AFLfast,xmllint,10,1624088445, 0, 0, 27.98
AFLfast,xmllint,10,1624088455, 0, 0, 18.58
AFLfast,xmllint,10,1624088460, 0, 0, 23.17
AFLfast,xmllint,10,1624088476, 0, 0, 31.18
AFLfast,xmllint,10,1624088481, 0, 0, 7.88
AFLfast,xmllint,10,1624088497, 0, 0, 14.95
AFLfast,xmllint,10,1624088507, 0, 0, 14.89
AFLfast,xmllint,10,1624088512, 0, 0, 14.61
AFLfast,xmllint,10,1624088518, 0, 0, 15.16
AFLfast,xmllint,10,1624088533, 0, 0, 15.02
AFLfast,xmllint,10,1624088564, 0, 0, 12.63
AFLfast,xmllint,10,1624088569, 0, 0, 13.27
AFLfast,xmllint,10,1624088585, 0, 0, 14.11
AFLfast,xmllint,10,1624088590, 0, 0, 14.70
AFLfast,xmllint,10,1624088595, 0, 0, 19.25
AFLfast,xmllint,10,1624088611, 0, 0, 14.98
AFLfast,xmllint,10,1624088621, 0, 0, 14.63
AFLfast,xmllint,10,1624088626, 0, 0, 14.70
AFLfast,xmllint,10,1624088632, 0, 0, 15.02
AFLfast,xmllint,10,1624088637, 0, 0, 15.00
AFLfast,xmllint,10,1624088668, 0, 0, 26.79
AFLfast,xmllint,10,1624088684, 0, 0, 28.06
AFLfast,xmllint,10,1624088689, 0, 0, 28.20
AFLfast,xmllint,10,1624088699, 0, 0, 27.86
AFLfast,xmllint,10,1624088705, 0, 0, 27.57
AFLfast,xmllint,10,1624088710, 0, 0, 28.47
AFLfast,xmllint,10,1624088720, 0, 0, 22.34
AFLfast,xmllint,10,1624088731, 0, 0, 16.08
AFLfast,xmllint,10,1624088741, 0, 0, 15.27
AFLfast,xmllint,10,1624088756, 0, 0, 14.00
AFLfast,xmllint,10,1624088772, 0, 0, 14.42
AFLfast,xmllint,10,1624088788, 0, 0, 14.14
AFLfast,xmllint,10,1624088803, 0, 0, 16.83
AFLfast,xmllint,10,1624088834, 0, 0, 14.10
AFLfast,xmllint,10,1624088839, 0, 0, 15.80
AFLfast,xmllint,10,1624088845, 0, 0, 22.86
AFLfast,xmllint,10,1624088850, 0, 0, 25.89
AFLfast,xmllint,10,1624088886, 0, 0, 27.65
AFLfast,xmllint,10,1624088901, 0, 0, 20.12
AFLfast,xmllint,10,1624088933, 0, 0, 12.83
AFLfast,xmllint,10,1624088959, 0, 0, 23.10
AFLfast,xmllint,10,1624088965, 0, 0, 24.73
AFLfast,xmllint,10,1624088975, 0, 0, 16.99
AFLfast,xmllint,10,1624088991, 0, 0, 3.01
AFLfast,xmllint,10,1624089006, 0, 0, 18.29
AFLfast,xmllint,10,1624089012, 0, 0, 15.36
AFLfast,xmllint,10,1624089017, 0, 0, 14.29
AFLfast,xmllint,10,1624089022, 0, 0, 14.37
AFLfast,xmllint,10,1624089032, 0, 0, 14.88
AFLfast,xmllint,10,1624089043, 0, 0, 15.78
AFLfast,xmllint,10,1624089053, 0, 0, 9.82
AFLfast,xmllint,10,1624089064, 0, 0, 14.89
AFLfast,xmllint,10,1624089079, 0, 0, 12.78
AFLfast,xmllint,10,1624089100, 0, 0, 16.18
AFLfast,xmllint,10,1624089105, 0, 0, 16.63
AFLfast,xmllint,10,1624089110, 0, 0, 16.12
AFLfast,xmllint,10,1624089120, 0, 0, 15.72
AFLfast,xmllint,10,1624089125, 0, 0, 16.57
AFLfast,xmllint,10,1624089140, 0, 0, 27.43
AFLfast,xmllint,10,1624089151, 0, 0, 27.41
AFLfast,xmllint,10,1624089156, 0, 0, 27.56
AFLfast,xmllint,10,1624089161, 0, 0, 28.32
AFLfast,xmllint,10,1624089176, 0, 0, 28.74
AFLfast,xmllint,10,1624089197, 0, 0, 18.24
AFLfast,xmllint,10,1624089202, 0, 0, 15.86
AFLfast,xmllint,10,1624089238, 0, 0, 21.20
AFLfast,xmllint,10,1624089243, 0, 0, 19.17
AFLfast,xmllint,10,1624089248, 0, 0, 18.34
AFLfast,xmllint,10,1624089254, 0, 0, 17.33
AFLfast,xmllint,10,1624089264, 0, 0, 17.09
AFLfast,xmllint,10,1624089305, 0, 0, 16.64
AFLfast,xmllint,10,1624089310, 0, 0, 15.54
AFLfast,xmllint,10,1624089321, 0, 0, 1.63
AFLfast,xmllint,10,1624089331, 0, 0, 26.33
AFLfast,xmllint,10,1624089336, 0, 0, 29.80
AFLfast,xmllint,10,1624089341, 0, 0, 26.42
AFLfast,xmllint,10,1624089346, 0, 0, 29.23
AFLfast,xmllint,10,1624089351, 0, 0, 30.33
AFLfast,xmllint,10,1624089357, 0, 0, 31.35
AFLfast,xmllint,10,1624089362, 0, 0, 31.59
AFLfast,xmllint,10,1624089367, 0, 0, 30.79
AFLfast,xmllint,10,1624089382, 0, 0, 31.02
AFLfast,xmllint,10,1624089392, 0, 0, 18.49
AFLfast,xmllint,10,1624089403, 0, 0, 17.57
AFLfast,xmllint,10,1624089413, 0, 0, 17.19
AFLfast,xmllint,10,1624089418, 0, 0, 16.98
AFLfast,xmllint,10,1624089423, 0, 0, 17.24
AFLfast,xmllint,10,1624089454, 0, 0, 16.75
AFLfast,xmllint,10,1624089470, 0, 0, 16.60
AFLfast,xmllint,10,1624089480, 0, 0, 16.85
AFLfast,xmllint,10,1624089490, 0, 0, 16.56
AFLfast,xmllint,10,1624089501, 0, 0, 2.33
AFLfast,xmllint,10,1624089532, 0, 0, 14.91
AFLfast,xmllint,10,1624089548, 0, 0, 13.87
AFLfast,xmllint,10,1624089553, 0, 0, 13.96
AFLfast,xmllint,10,1624089558, 0, 0, 14.59
AFLfast,xmllint,10,1624089579, 0, 0, 14.35
AFLfast,xmllint,10,1624089589, 0, 0, 14.56
AFLfast,xmllint,10,1624089595, 0, 0, 14.59
AFLfast,xmllint,10,1624089600, 0, 0, 14.90
AFLfast,xmllint,10,1624089610, 0, 0, 14.01
AFLfast,xmllint,10,1624089631, 0, 0, 13.54
AFLfast,xmllint,10,1624089641, 0, 0, 13.61
AFLfast,xmllint,10,1624089652, 0, 0, 15.06
AFLfast,xmllint,10,1624089673, 0, 0, 14.71
AFLfast,xmllint,10,1624089683, 0, 0, 14.12
AFLfast,xmllint,10,1624089710, 0, 0, 2.20
AFLfast,xmllint,10,1624089726, 0, 0, 17.01
AFLfast,xmllint,10,1624089736, 0, 0, 16.83
AFLfast,xmllint,10,1624089747, 0, 0, 21.23
AFLfast,xmllint,10,1624089762, 0, 0, 16.98
AFLfast,xmllint,10,1624089768, 0, 0, 0.82
AFLfast,xmllint,10,1624089789, 0, 0, 16.84
AFLfast,xmllint,10,1624089794, 0, 0, 17.09
AFLfast,xmllint,10,1624089810, 0, 0, 25.36
AFLfast,xmllint,10,1624089821, 0, 0, 28.11
AFLfast,xmllint,10,1624089826, 0, 0, 28.00
AFLfast,xmllint,10,1624089841, 0, 0, 29.54
AFLfast,xmllint,10,1624089852, 0, 0, 30.70
AFLfast,xmllint,10,1624089862, 0, 0, 30.39
AFLfast,xmllint,10,1624089872, 0, 0, 15.63
AFLfast,xmllint,10,1624089883, 0, 0, 14.98
AFLfast,xmllint,10,1624089888, 0, 0, 15.23
AFLfast,xmllint,10,1624089893, 0, 0, 15.23
AFLfast,xmllint,10,1624089898, 0, 0, 14.24
AFLfast,xmllint,10,1624089908, 0, 0, 15.05
AFLfast,xmllint,10,1624089913, 0, 0, 14.42
AFLfast,xmllint,10,1624089918, 0, 0, 14.43
AFLfast,xmllint,10,1624089924, 0, 0, 14.72
AFLfast,xmllint,10,1624089929, 0, 0, 14.85
AFLfast,xmllint,10,1624089939, 0, 0, 14.80
AFLfast,xmllint,10,1624089945, 0, 0, 14.99
AFLfast,xmllint,10,1624089950, 0, 0, 14.14
AFLfast,xmllint,10,1624089986, 0, 0, 15.60
AFLfast,xmllint,10,1624089991, 0, 0, 15.32
AFLfast,xmllint,10,1624090002, 0, 0, 0.66
AFLfast,xmllint,10,1624090018, 0, 0, 15.13
AFLfast,xmllint,10,1624090028, 0, 0, 15.57
AFLfast,xmllint,10,1624090039, 0, 0, 15.61
AFLfast,xmllint,10,1624090054, 0, 0, 15.68
AFLfast,xmllint,10,1624090070, 0, 0, 15.69
AFLfast,xmllint,10,1624090086, 0, 0, 16.40
AFLfast,xmllint,10,1624090096, 0, 0, 16.64
AFLfast,xmllint,10,1624090106, 0, 0, 16.30
AFLfast,xmllint,10,1624090117, 0, 0, 15.89
AFLfast,xmllint,10,1624090132, 0, 0, 16.28
AFLfast,xmllint,10,1624090137, 0, 0, 16.40
AFLfast,xmllint,10,1624090143, 0, 0, 15.97
AFLfast,xmllint,10,1624090163, 0, 0, 15.68
AFLfast,xmllint,10,1624090204, 0, 0, 15.97
AFLfast,xmllint,10,1624090215, 0, 0, 16.06
AFLfast,xmllint,10,1624090220, 0, 0, 16.81
AFLfast,xmllint,10,1624090230, 0, 0, 15.74
AFLfast,xmllint,10,1624090235, 0, 0, 15.51
AFLfast,xmllint,10,1624090256, 0, 0, 15.82
AFLfast,xmllint,10,1624090302, 0, 0, 29.94
AFLfast,xmllint,10,1624090312, 0, 0, 24.63
AFLfast,xmllint,10,1624090318, 0, 0, 27.03
AFLfast,xmllint,10,1624090323, 0, 0, 28.79
AFLfast,xmllint,10,1624090328, 0, 0, 29.55
AFLfast,xmllint,10,1624090333, 0, 0, 29.50
AFLfast,xmllint,10,1624090338, 0, 0, 28.66
AFLfast,xmllint,10,1624090343, 0, 0, 28.52
AFLfast,xmllint,10,1624090354, 0, 0, 18.79
AFLfast,xmllint,10,1624090364, 0, 0, 15.32
AFLfast,xmllint,10,1624090370, 0, 0, 15.44
AFLfast,xmllint,10,1624090380, 0, 0, 16.07
AFLfast,xmllint,10,1624090401, 0, 0, 15.63
AFLfast,xmllint,10,1624090416, 0, 0, 15.43
AFLfast,xmllint,10,1624090469, 0, 0, 0.76
AFLfast,xmllint,10,1624090474, 0, 0, 18.81
AFLfast,xmllint,10,1624090484, 0, 0, 15.69
AFLfast,xmllint,10,1624090494, 0, 0, 15.96
AFLfast,xmllint,10,1624090504, 0, 0, 15.85
AFLfast,xmllint,10,1624090515, 0, 0, 16.06
AFLfast,xmllint,10,1624090525, 0, 0, 16.13
AFLfast,xmllint,10,1624090577, 0, 0, 15.43
AFLfast,xmllint,10,1624090582, 0, 0, 16.53
AFLfast,xmllint,10,1624090593, 0, 0, 16.16
AFLfast,xmllint,10,1624090603, 0, 0, 15.97
AFLfast,xmllint,10,1624090614, 0, 0, 26.79
AFLfast,xmllint,10,1624090634, 0, 0, 30.09
AFLfast,xmllint,10,1624090639, 0, 0, 30.06
AFLfast,xmllint,10,1624090645, 0, 0, 30.20
AFLfast,xmllint,10,1624090655, 0, 0, 29.72
AFLfast,xmllint,10,1624090660, 0, 0, 29.60
AFLfast,xmllint,10,1624090696, 0, 0, 16.30
AFLfast,xmllint,10,1624090707, 0, 0, 17.36
AFLfast,xmllint,10,1624090753, 0, 0, 31.39
AFLfast,xmllint,10,1624090773, 0, 0, 30.60
AFLfast,xmllint,10,1624090784, 0, 0, 31.63
AFLfast,xmllint,10,1624090831, 0, 0, 26.12
AFLfast,xmllint,10,1624090836, 0, 0, 31.25
AFLfast,xmllint,10,1624090846, 0, 0, 29.43
AFLfast,xmllint,10,1624090856, 0, 0, 10.48
AFLfast,xmllint,10,1624090867, 0, 0, 22.95
AFLfast,xmllint,10,1624090872, 0, 0, 23.82
AFLfast,xmllint,10,1624090877, 0, 0, 24.93
AFLfast,xmllint,10,1624090888, 0, 0, 20.07
AFLfast,xmllint,10,1624090909, 0, 0, 13.95
AFLfast,xmllint,10,1624090914, 0, 0, 14.51
AFLfast,xmllint,10,1624090929, 0, 0, 13.40
AFLfast,xmllint,10,1624090951, 0, 0, 2.38
AFLfast,xmllint,10,1624090972, 0, 0, 15.22
AFLfast,xmllint,10,1624090987, 0, 0, 19.24
AFLfast,xmllint,10,1624090992, 0, 0, 25.17
AFLfast,xmllint,10,1624091008, 0, 0, 28.42
AFLfast,xmllint,10,1624091018, 0, 0, 26.53
AFLfast,xmllint,10,1624091029, 0, 0, 31.00
AFLfast,xmllint,10,1624091034, 0, 0, 29.81
AFLfast,xmllint,10,1624091044, 0, 0, 32.48
AFLfast,xmllint,10,1624091054, 0, 0, 14.71
AFLfast,xmllint,10,1624091064, 0, 0, 15.08
AFLfast,xmllint,10,1624091075, 0, 0, 24.32
AFLfast,xmllint,10,1624091086, 0, 0, 29.27
AFLfast,xmllint,10,1624091091, 0, 0, 28.64
AFLfast,xmllint,10,1624091121, 0, 0, 18.77
AFLfast,xmllint,10,1624091132, 0, 0, 28.87
AFLfast,xmllint,10,1624091142, 0, 0, 19.31
AFLfast,xmllint,10,1624091158, 0, 0, 16.46
AFLfast,xmllint,10,1624091169, 0, 0, 15.87
AFLfast,xmllint,10,1624091179, 0, 0, 15.16
AFLfast,xmllint,10,1624091194, 0, 0, 21.81
AFLfast,xmllint,10,1624091205, 0, 0, 27.56
AFLfast,xmllint,10,1624091215, 0, 0, 27.93
AFLfast,xmllint,10,1624091230, 0, 0, 29.09
AFLfast,xmllint,10,1624091235, 0, 0, 29.35
AFLfast,xmllint,10,1624091246, 0, 0, 28.44
AFLfast,xmllint,10,1624091251, 0, 0, 28.61
AFLfast,xmllint,10,1624091261, 0, 0, 17.71
AFLfast,xmllint,10,1624091267, 0, 0, 16.01
AFLfast,xmllint,10,1624091277, 0, 0, 16.51
AFLfast,xmllint,10,1624091298, 0, 0, 14.94
AFLfast,xmllint,10,1624091319, 0, 0, 14.34
AFLfast,xmllint,10,1624091339, 0, 0, 21.18
AFLfast,xmllint,10,1624091355, 0, 0, 29.05
AFLfast,xmllint,10,1624091365, 0, 0, 28.65
AFLfast,xmllint,10,1624091370, 0, 0, 28.28
AFLfast,xmllint,10,1624091391, 0, 0, 31.05
AFLfast,xmllint,10,1624091401, 0, 0, 8.29
AFLfast,xmllint,10,1624091406, 0, 0, 12.54
AFLfast,xmllint,10,1624091432, 0, 0, 15.17
AFLfast,xmllint,10,1624091437, 0, 0, 15.08
AFLfast,xmllint,10,1624091447, 0, 0, 15.10
AFLfast,xmllint,10,1624091468, 0, 0, 14.68
AFLfast,xmllint,10,1624091478, 0, 0, 16.63
AFLfast,xmllint,10,1624091489, 0, 0, 26.80
AFLfast,xmllint,10,1624091499, 0, 0, 28.93
AFLfast,xmllint,10,1624091515, 0, 0, 29.15
AFLfast,xmllint,10,1624091520, 0, 0, 28.78
AFLfast,xmllint,10,1624091525, 0, 0, 28.25
AFLfast,xmllint,10,1624091530, 0, 0, 27.57
AFLfast,xmllint,10,1624091535, 0, 0, 27.90
AFLfast,xmllint,10,1624091540, 0, 0, 27.30
AFLfast,xmllint,10,1624091545, 0, 0, 20.90
AFLfast,xmllint,10,1624091551, 0, 0, 17.90
AFLfast,xmllint,10,1624091582, 0, 0, 16.41
AFLfast,xmllint,10,1624091598, 0, 0, 15.88
AFLfast,xmllint,10,1624091608, 0, 0, 15.89
AFLfast,xmllint,10,1624091613, 0, 0, 15.97
AFLfast,xmllint,10,1624091629, 0, 0, 15.65
AFLfast,xmllint,10,1624091670, 0, 0, 15.54
AFLfast,xmllint,10,1624091686, 0, 0, 23.97
AFLfast,xmllint,10,1624091696, 0, 0, 29.15
AFLfast,xmllint,10,1624091712, 0, 0, 31.23
AFLfast,xmllint,10,1624091717, 0, 0, 26.88
AFLfast,xmllint,10,1624091722, 0, 0, 25.36
AFLfast,xmllint,10,1624091738, 0, 0, 25.13
AFLfast,xmllint,10,1624091743, 0, 0, 22.43
AFLfast,xmllint,10,1624091802, 0, 0, 12.85
AFLfast,xmllint,10,1624091817, 0, 0, 15.85
AFLfast,xmllint,10,1624091822, 0, 0, 20.92
AFLfast,xmllint,10,1624091827, 0, 0, 22.99
AFLfast,xmllint,10,1624091843, 0, 0, 25.17
AFLfast,xmllint,10,1624091859, 0, 0, 26.51
AFLfast,xmllint,10,1624091869, 0, 0, 25.86
AFLfast,xmllint,10,1624091874, 0, 0, 28.55
AFLfast,xmllint,10,1624091895, 0, 0, 15.03
AFLfast,xmllint,10,1624091916, 0, 0, 14.95
AFLfast,xmllint,10,1624091947, 0, 0, 14.13
AFLfast,xmllint,10,1624091972, 0, 0, 23.93
AFLfast,xmllint,10,1624091977, 0, 0, 25.97
AFLfast,xmllint,10,1624091993, 0, 0, 27.88
AFLfast,xmllint,10,1624092009, 0, 0, 26.74
AFLfast,xmllint,10,1624092019, 0, 0, 24.38
AFLfast,xmllint,10,1624092034, 0, 0, 13.30
AFLfast,xmllint,10,1624092060, 0, 0, 16.29
AFLfast,xmllint,10,1624092097, 0, 0, 25.93
AFLfast,xmllint,10,1624092113, 0, 0, 17.90
AFLfast,xmllint,10,1624092128, 0, 0, 14.87
AFLfast,xmllint,10,1624092159, 0, 0, 23.38
AFLfast,xmllint,10,1624092164, 0, 0, 26.74
AFLfast,xmllint,10,1624092180, 0, 0, 28.03
AFLfast,xmllint,10,1624092185, 0, 0, 3.01
AFLfast,xmllint,10,1624092200, 0, 0, 21.71
AFLfast,xmllint,10,1624092205, 0, 0, 24.54
AFLfast,xmllint,10,1624092211, 0, 0, 29.90
AFLfast,xmllint,10,1624092221, 0, 0, 9.77
AFLfast,xmllint,10,1624092242, 0, 0, 14.21
AFLfast,xmllint,10,1624092258, 0, 0, 1.84
AFLfast,xmllint,10,1624092300, 0, 0, 20.60
AFLfast,xmllint,10,1624092315, 0, 0, 30.07
AFLfast,xmllint,10,1624092320, 0, 0, 29.53
AFLfast,xmllint,10,1624092342, 0, 0, 24.82
AFLfast,xmllint,10,1624092352, 0, 0, 29.73
AFLfast,xmllint,10,1624092357, 0, 0, 29.36
AFLfast,xmllint,10,1624092362, 0, 0, 21.23
AFLfast,xmllint,10,1624092383, 0, 0, 15.77
AFLfast,xmllint,10,1624092409, 0, 0, 28.43
AFLfast,xmllint,10,1624092415, 0, 0, 27.62
AFLfast,xmllint,10,1624092435, 0, 0, 29.08
AFLfast,xmllint,10,1624092445, 0, 0, 29.81
AFLfast,xmllint,10,1624092481, 0, 0, 30.51
AFLfast,xmllint,10,1624092497, 0, 0, 31.28
AFLfast,xmllint,10,1624092502, 0, 0, 30.71
AFLfast,xmllint,10,1624092507, 0, 0, 30.62
AFLfast,xmllint,10,1624092523, 0, 0, 30.31
AFLfast,xmllint,10,1624092533, 0, 0, 30.64
AFLfast,xmllint,10,1624092538, 0, 0, 21.67
AFLfast,xmllint,10,1624092549, 0, 0, 16.37
AFLfast,xmllint,10,1624092564, 0, 0, 16.95
AFLfast,xmllint,10,1624092576, 0, 0, 0.65
AFLfast,xmllint,10,1624092592, 0, 0, 27.02
AFLfast,xmllint,10,1624092602, 0, 0, 24.28
AFLfast,xmllint,10,1624092607, 0, 0, 24.19
AFLfast,xmllint,10,1624092638, 0, 0, 24.88
AFLfast,xmllint,10,1624092654, 0, 0, 16.08
AFLfast,xmllint,10,1624092659, 0, 0, 14.52
AFLfast,xmllint,10,1624092669, 0, 0, 15.18
AFLfast,xmllint,10,1624092696, 0, 0, 1.47
AFLfast,xmllint,10,1624092711, 0, 0, 20.66
AFLfast,xmllint,10,1624092727, 0, 0, 27.82
AFLfast,xmllint,10,1624092732, 0, 0, 28.48
AFLfast,xmllint,10,1624092743, 0, 0, 28.91
AFLfast,xmllint,10,1624092758, 0, 0, 28.31
AFLfast,xmllint,10,1624092763, 0, 0, 23.26
AFLfast,xmllint,10,1624092769, 0, 0, 2.12
AFLfast,xmllint,10,1624092800, 0, 0, 22.44
AFLfast,xmllint,10,1624092805, 0, 0, 26.11
AFLfast,xmllint,10,1624092820, 0, 0, 8.04
AFLfast,xmllint,10,1624092831, 0, 0, 25.96
AFLfast,xmllint,10,1624092841, 0, 0, 28.52
AFLfast,xmllint,10,1624092846, 0, 0, 29.03
AFLfast,xmllint,10,1624092861, 0, 0, 13.99
AFLfast,xmllint,10,1624092877, 0, 0, 14.75
AFLfast,xmllint,10,1624092929, 0, 0, 25.52
AFLfast,xmllint,10,1624092945, 0, 0, 27.84
AFLfast,xmllint,10,1624092981, 0, 0, 18.45
AFLfast,xmllint,10,1624093002, 0, 0, 26.10
AFLfast,xmllint,10,1624093007, 0, 0, 26.64
AFLfast,xmllint,10,1624093012, 0, 0, 28.18
AFLfast,xmllint,10,1624093017, 0, 0, 28.05
AFLfast,xmllint,10,1624093022, 0, 0, 28.16
AFLfast,xmllint,10,1624093032, 0, 0, 27.50
AFLfast,xmllint,10,1624093038, 0, 0, 26.98
AFLfast,xmllint,10,1624093043, 0, 0, 12.00
AFLfast,xmllint,10,1624093063, 0, 0, 16.96
AFLfast,xmllint,10,1624093084, 0, 0, 18.92
AFLfast,xmllint,10,1624093089, 0, 0, 17.00
AFLfast,xmllint,10,1624093104, 0, 0, 16.85
AFLfast,xmllint,10,1624093109, 0, 0, 16.65
AFLfast,xmllint,10,1624093115, 0, 0, 16.14
AFLfast,xmllint,10,1624093141, 0, 0, 16.22
AFLfast,xmllint,10,1624093146, 0, 0, 16.00
AFLfast,xmllint,10,1624093182, 0, 0, 14.64
AFLfast,xmllint,10,1624093203, 0, 0, 13.23
AFLfast,xmllint,10,1624093208, 0, 0, 12.52
AFLfast,xmllint,10,1624093213, 0, 0, 12.91
AFLfast,xmllint,10,1624093218, 0, 0, 12.63
AFLfast,xmllint,10,1624093229, 0, 0, 13.06
AFLfast,xmllint,10,1624093234, 0, 0, 13.07
AFLfast,xmllint,10,1624093255, 0, 0, 13.45
AFLfast,xmllint,10,1624093260, 0, 0, 13.86
AFLfast,xmllint,10,1624093270, 0, 0, 12.61
AFLfast,xmllint,10,1624093286, 0, 0, 14.66
AFLfast,xmllint,10,1624093301, 0, 0, 16.78
AFLfast,xmllint,10,1624093317, 0, 0, 22.40
AFLfast,xmllint,10,1624093322, 0, 0, 25.29
AFLfast,xmllint,10,1624093343, 0, 0, 28.58
AFLfast,xmllint,10,1624093353, 0, 0, 3.55
AFLfast,xmllint,10,1624093369, 0, 0, 28.03
AFLfast,xmllint,10,1624093389, 0, 0, 24.96
AFLfast,xmllint,10,1624093394, 0, 0, 27.05
AFLfast,xmllint,10,1624093431, 0, 0, 27.12
AFLfast,xmllint,10,1624093442, 0, 0, 4.09
AFLfast,xmllint,10,1624093457, 0, 0, 15.69
AFLfast,xmllint,10,1624093478, 0, 0, 25.84
AFLfast,xmllint,10,1624093484, 0, 0, 28.13
AFLfast,xmllint,10,1624093514, 0, 0, 4.26
AFLfast,xmllint,10,1624093525, 0, 0, 27.18
AFLfast,xmllint,10,1624093545, 0, 0, 15.75
AFLfast,xmllint,10,1624093572, 0, 0, 23.24
AFLfast,xmllint,10,1624093593, 0, 0, 26.34
AFLfast,xmllint,10,1624093603, 0, 0, 27.23
AFLfast,xmllint,10,1624093608, 0, 0, 26.91
AFLfast,xmllint,10,1624093629, 0, 0, 22.20
AFLfast,xmllint,10,1624093639, 0, 0, 15.32
AFLfast,xmllint,10,1624093645, 0, 0, 14.95
AFLfast,xmllint,10,1624093655, 0, 0, 13.67
AFLfast,xmllint,10,1624093676, 0, 0, 14.40
AFLfast,xmllint,10,1624093707, 0, 0, 27.62
AFLfast,xmllint,10,1624093713, 0, 0, 26.67
AFLfast,xmllint,10,1624093723, 0, 0, 27.41
AFLfast,xmllint,10,1624093728, 0, 0, 27.48
AFLfast,xmllint,10,1624093754, 0, 0, 5.35
AFLfast,xmllint,10,1624093790, 0, 0, 30.40
AFLfast,xmllint,10,1624093795, 0, 0, 27.59
AFLfast,xmllint,10,1624093800, 0, 0, 26.19
AFLfast,xmllint,10,1624093805, 0, 0, 25.67
AFLfast,xmllint,10,1624093810, 0, 0, 25.78
AFLfast,xmllint,10,1624093816, 0, 0, 26.14
AFLfast,xmllint,10,1624093826, 0, 0, 25.74
AFLfast,xmllint,10,1624093831, 0, 0, 25.26
AFLfast,xmllint,10,1624093841, 0, 0, 24.25
AFLfast,xmllint,10,1624093851, 0, 0, 4.91
AFLfast,xmllint,10,1624093882, 0, 0, 14.67
AFLfast,xmllint,10,1624093908, 0, 0, 14.71
AFLfast,xmllint,10,1624093913, 0, 0, 15.03
AFLfast,xmllint,10,1624093924, 0, 0, 13.98
AFLfast,xmllint,10,1624093949, 0, 0, 16.43
AFLfast,xmllint,10,1624093975, 0, 0, 0.79
AFLfast,xmllint,10,1624093996, 0, 0, 23.75
AFLfast,xmllint,10,1624094006, 0, 0, 28.43
AFLfast,xmllint,10,1624094022, 0, 0, 28.37
AFLfast,xmllint,10,1624094048, 0, 0, 26.75
AFLfast,xmllint,10,1624094063, 0, 0, 20.57
AFLfast,xmllint,10,1624094079, 0, 0, 24.12
AFLfast,xmllint,10,1624094084, 0, 0, 24.85
AFLfast,xmllint,10,1624094089, 0, 0, 24.33
AFLfast,xmllint,10,1624094099, 0, 0, 24.67
AFLfast,xmllint,10,1624094110, 0, 0, 24.24
AFLfast,xmllint,10,1624094120, 0, 0, 26.21
AFLfast,xmllint,10,1624094146, 0, 0, 15.71
AFLfast,xmllint,10,1624094177, 0, 0, 17.44
AFLfast,xmllint,10,1624094187, 0, 0, 23.54
AFLfast,xmllint,10,1624094193, 0, 0, 23.87
AFLfast,xmllint,10,1624094198, 0, 0, 23.88
AFLfast,xmllint,10,1624094224, 0, 0, 22.38
AFLfast,xmllint,10,1624094234, 0, 0, 23.73
AFLfast,xmllint,10,1624094255, 0, 0, 1.82
AFLfast,xmllint,10,1624094275, 0, 0, 20.65
AFLfast,xmllint,10,1624094291, 0, 0, 26.01
AFLfast,xmllint,10,1624094296, 0, 0, 28.33
AFLfast,xmllint,10,1624094302, 0, 0, 28.37
AFLfast,xmllint,10,1624094348, 0, 0, 14.98
AFLfast,xmllint,10,1624094369, 0, 0, 26.13
AFLfast,xmllint,10,1624094385, 0, 0, 28.21
AFLfast,xmllint,10,1624094405, 0, 0, 24.17
AFLfast,xmllint,10,1624094420, 0, 0, 19.85
AFLfast,xmllint,10,1624094430, 0, 0, 14.11
AFLfast,xmllint,10,1624094441, 0, 0, 13.27
AFLfast,xmllint,10,1624094446, 0, 0, 14.17
AFLfast,xmllint,10,1624094472, 0, 0, 13.18
AFLfast,xmllint,10,1624094482, 0, 0, 14.38
AFLfast,xmllint,10,1624094503, 0, 0, 17.80
AFLfast,xmllint,10,1624094539, 0, 0, 29.88
AFLfast,xmllint,10,1624094544, 0, 0, 30.28
AFLfast,xmllint,10,1624094569, 0, 0, 30.10
AFLfast,xmllint,10,1624094601, 0, 0, 28.97
AFLfast,xmllint,10,1624094616, 0, 0, 26.70
AFLfast,xmllint,10,1624094626, 0, 0, 24.25
AFLfast,xmllint,10,1624094632, 0, 0, 25.04
AFLfast,xmllint,10,1624094637, 0, 0, 25.33
AFLfast,xmllint,10,1624094683, 0, 0, 19.07
AFLfast,xmllint,10,1624094709, 0, 0, 25.24
AFLfast,xmllint,10,1624094719, 0, 0, 25.78
AFLfast,xmllint,10,1624094729, 0, 0, 25.59
AFLfast,xmllint,10,1624094740, 0, 0, 25.67
AFLfast,xmllint,10,1624094750, 0, 0, 16.52
AFLfast,xmllint,10,1624094760, 0, 0, 14.51
AFLfast,xmllint,10,1624094766, 0, 0, 13.95
AFLfast,xmllint,10,1624094781, 0, 0, 1.28
AFLfast,xmllint,10,1624094802, 0, 0, 12.85
AFLfast,xmllint,10,1624094822, 0, 0, 24.05
AFLfast,xmllint,10,1624094838, 0, 0, 25.99
AFLfast,xmllint,10,1624094858, 0, 0, 25.27
AFLfast,xmllint,10,1624094864, 0, 0, 26.30
AFLfast,xmllint,10,1624094869, 0, 0, 27.87
AFLfast,xmllint,10,1624094889, 0, 0, 16.20
AFLfast,xmllint,10,1624094899, 0, 0, 15.67
AFLfast,xmllint,10,1624094905, 0, 0, 16.22
AFLfast,xmllint,10,1624094915, 0, 0, 16.04
AFLfast,xmllint,10,1624094920, 0, 0, 15.22
AFLfast,xmllint,10,1624094925, 0, 0, 15.79
AFLfast,xmllint,10,1624094936, 0, 0, 14.35
AFLfast,xmllint,10,1624094972, 0, 0, 11.27
AFLfast,xmllint,10,1624094982, 0, 0, 24.75
AFLfast,xmllint,10,1624094987, 0, 0, 26.90
AFLfast,xmllint,10,1624094992, 0, 0, 28.00
AFLfast,xmllint,10,1624094997, 0, 0, 27.66
AFLfast,xmllint,10,1624095039, 0, 0, 14.55
AFLfast,xmllint,10,1624095049, 0, 0, 17.44
AFLfast,xmllint,10,1624095095, 0, 0, 19.24
AFLfast,xmllint,10,1624095121, 0, 0, 15.42
AFLfast,xmllint,10,1624095136, 0, 0, 25.02
AFLfast,xmllint,10,1624095141, 0, 0, 27.68
AFLfast,xmllint,10,1624095147, 0, 0, 29.54
AFLfast,xmllint,10,1624095152, 0, 0, 29.56
AFLfast,xmllint,10,1624095183, 0, 0, 29.81
AFLfast,xmllint,10,1624095193, 0, 0, 17.19
AFLfast,xmllint,10,1624095203, 0, 0, 16.80
AFLfast,xmllint,10,1624095208, 0, 0, 16.09
AFLfast,xmllint,10,1624095213, 0, 0, 16.83
AFLfast,xmllint,10,1624095218, 0, 0, 16.96
AFLfast,xmllint,10,1624095245, 0, 0, 16.34
AFLfast,xmllint,10,1624095281, 0, 0, 16.47
AFLfast,xmllint,10,1624095302, 0, 0, 27.62
AFLfast,xmllint,10,1624095312, 0, 0, 29.61
AFLfast,xmllint,10,1624095317, 0, 0, 30.50
AFLfast,xmllint,10,1624095337, 0, 0, 30.31
AFLfast,xmllint,10,1624095348, 0, 0, 29.99
AFLfast,xmllint,10,1624095353, 0, 0, 31.24
AFLfast,xmllint,10,1624095358, 0, 0, 21.07
AFLfast,xmllint,10,1624095363, 0, 0, 18.02
AFLfast,xmllint,10,1624095379, 0, 0, 16.73
AFLfast,xmllint,10,1624095409, 0, 0, 16.55
AFLfast,xmllint,10,1624095441, 0, 0, 16.96
AFLfast,xmllint,10,1624095456, 0, 0, 27.35
AFLfast,xmllint,10,1624095466, 0, 0, 28.01
AFLfast,xmllint,10,1624095481, 0, 0, 29.62
AFLfast,xmllint,10,1624095492, 0, 0, 30.28
AFLfast,xmllint,10,1624095502, 0, 0, 28.35
AFLfast,xmllint,10,1624095553, 0, 0, 23.30
AFLfast,xmllint,10,1624095564, 0, 0, 28.23
AFLfast,xmllint,10,1624095590, 0, 0, 27.64
AFLfast,xmllint,10,1624095610, 0, 0, 18.86
AFLfast,xmllint,10,1624095636, 0, 0, 23.42
AFLfast,xmllint,10,1624095641, 0, 0, 28.85
AFLfast,xmllint,10,1624095646, 0, 0, 30.27
AFLfast,xmllint,10,1624095652, 0, 0, 32.98
AFLfast,xmllint,10,1624095657, 0, 0, 35.10
AFLfast,xmllint,10,1624095662, 0, 0, 36.40
AFLfast,xmllint,10,1624095667, 0, 0, 36.85
AFLfast,xmllint,10,1624095672, 0, 0, 35.48
AFLfast,xmllint,10,1624095677, 0, 0, 39.61
AFLfast,xmllint,10,1624095682, 0, 0, 37.86
AFLfast,xmllint,10,1624095688, 0, 0, 42.57
AFLfast,xmllint,10,1624095693, 0, 0, 27.60
AFLfast,xmllint,10,1624095698, 0, 0, 19.38
AFLfast,xmllint,10,1624095708, 0, 0, 19.71
AFLfast,xmllint,10,1624095719, 0, 0, 33.13
AFLfast,xmllint,10,1624095724, 0, 0, 29.74
AFLfast,xmllint,10,1624095729, 0, 0, 28.38
AFLfast,xmllint,10,1624095734, 0, 0, 28.09
AFLfast,xmllint,10,1624095740, 0, 0, 29.66
AFLfast,xmllint,10,1624095745, 0, 0, 28.92
AFLfast,xmllint,10,1624095750, 0, 0, 28.19
AFLfast,xmllint,10,1624095755, 0, 0, 29.49
AFLfast,xmllint,10,1624095765, 0, 0, 27.86
AFLfast,xmllint,10,1624095770, 0, 0, 5.93
AFLfast,xmllint,10,1624095801, 0, 0, 16.82
AFLfast,xmllint,10,1624095806, 0, 0, 14.88
AFLfast,xmllint,10,1624095822, 0, 0, 18.00
AFLfast,xmllint,10,1624095827, 0, 0, 15.81
AFLfast,xmllint,10,1624095852, 0, 0, 14.27
AFLfast,xmllint,10,1624095868, 0, 0, 11.44
AFLfast,xmllint,10,1624095898, 0, 0, 12.43
AFLfast,xmllint,10,1624095904, 0, 0, 12.47
AFLfast,xmllint,10,1624095914, 0, 0, 13.79
AFLfast,xmllint,10,1624095919, 0, 0, 13.28
AFLfast,xmllint,10,1624095965, 0, 0, 16.93
AFLfast,xmllint,10,1624095981, 0, 0, 16.35
AFLfast,xmllint,10,1624095986, 0, 0, 15.24
AFLfast,xmllint,10,1624096017, 0, 0, 7.34
AFLfast,xmllint,10,1624096032, 0, 0, 21.40
AFLfast,xmllint,10,1624096037, 0, 0, 24.41
AFLfast,xmllint,10,1624096042, 0, 0, 27.09
AFLfast,xmllint,10,1624096048, 0, 0, 27.05
AFLfast,xmllint,10,1624096053, 0, 0, 26.71
AFLfast,xmllint,10,1624096058, 0, 0, 25.91
AFLfast,xmllint,10,1624096068, 0, 0, 24.44
AFLfast,xmllint,10,1624096079, 0, 0, 23.38
AFLfast,xmllint,10,1624096094, 0, 0, 16.11
AFLfast,xmllint,10,1624096130, 0, 0, 13.69
AFLfast,xmllint,10,1624096135, 0, 0, 0.57
AFLfast,xmllint,10,1624096172, 0, 0, 15.57
AFLfast,xmllint,10,1624096199, 0, 0, 1.93
AFLfast,xmllint,10,1624096225, 0, 0, 18.43
AFLfast,xmllint,10,1624096230, 0, 0, 18.60
AFLfast,xmllint,10,1624096235, 0, 0, 19.88
AFLfast,xmllint,10,1624096240, 0, 0, 19.80
AFLfast,xmllint,10,1624096245, 0, 0, 19.56
AFLfast,xmllint,10,1624096266, 0, 0, 17.89
AFLfast,xmllint,10,1624096287, 0, 0, 10.16
AFLfast,xmllint,10,1624096317, 0, 0, 10.95
AFLfast,xmllint,10,1624096343, 0, 0, 9.94
AFLfast,xmllint,10,1624096348, 0, 0, 14.12
AFLfast,xmllint,10,1624096364, 0, 0, 15.53
AFLfast,xmllint,10,1624096374, 0, 0, 12.94
AFLfast,xmllint,10,1624096390, 0, 0, 14.46
AFLfast,xmllint,10,1624096406, 0, 0, 14.31
AFLfast,xmllint,10,1624096426, 0, 0, 23.37
AFLfast,xmllint,10,1624096431, 0, 0, 25.88
AFLfast,xmllint,10,1624096442, 0, 0, 5.31
AFLfast,xmllint,10,1624096463, 0, 0, 6.85
AFLfast,xmllint,10,1624096499, 0, 0, 11.33
AFLfast,xmllint,10,1624096504, 0, 0, 11.31
AFLfast,xmllint,10,1624096509, 0, 0, 12.03
AFLfast,xmllint,10,1624096514, 0, 0, 12.09
AFLfast,xmllint,10,1624096550, 0, 0, 11.60
AFLfast,xmllint,10,1624096555, 0, 0, 11.07
AFLfast,xmllint,10,1624096576, 0, 0, 9.94
AFLfast,xmllint,10,1624096581, 0, 0, 12.03
AFLfast,xmllint,10,1624096602, 0, 0, 12.26
AFLfast,xmllint,10,1624096646, 0, 0, 0.76
AFLfast,xmllint,10,1624096688, 0, 0, 20.89
AFLfast,xmllint,10,1624096703, 0, 0, 21.86
AFLfast,xmllint,10,1624096724, 0, 0, 13.67
AFLfast,xmllint,10,1624096729, 0, 0, 12.80
AFLfast,xmllint,10,1624096734, 0, 0, 11.29
AFLfast,xmllint,10,1624096765, 0, 0, 22.02
AFLfast,xmllint,10,1624096780, 0, 0, 24.58
AFLfast,xmllint,10,1624096791, 0, 0, 26.27
AFLfast,xmllint,10,1624096801, 0, 0, 27.47
AFLfast,xmllint,10,1624096811, 0, 0, 28.01
AFLfast,xmllint,10,1624096827, 0, 0, 15.82
AFLfast,xmllint,10,1624096832, 0, 0, 2.91
AFLfast,xmllint,10,1624096847, 0, 0, 27.87
AFLfast,xmllint,10,1624096868, 0, 0, 20.38
AFLfast,xmllint,10,1624096894, 0, 0, 30.22
AFLfast,xmllint,10,1624096899, 0, 0, 33.07
AFLfast,xmllint,10,1624096909, 0, 0, 33.57
AFLfast,xmllint,10,1624096940, 0, 0, 31.74
AFLfast,xmllint,10,1624096945, 0, 0, 29.85
AFLfast,xmllint,10,1624096992, 0, 0, 21.82
AFLfast,xmllint,10,1624097012, 0, 0, 28.02
AFLfast,xmllint,10,1624097023, 0, 0, 29.83
AFLfast,xmllint,10,1624097038, 0, 0, 28.94
AFLfast,xmllint,10,1624097084, 0, 0, 13.56
AFLfast,xmllint,10,1624097089, 0, 0, 13.44
AFLfast,xmllint,10,1624097125, 0, 0, 20.93
AFLfast,xmllint,10,1624097131, 0, 0, 22.61
AFLfast,xmllint,10,1624097136, 0, 0, 24.31
AFLfast,xmllint,10,1624097141, 0, 0, 24.55
AFLfast,xmllint,10,1624097146, 0, 0, 24.16
AFLfast,xmllint,10,1624097172, 0, 0, 21.89
AFLfast,xmllint,10,1624097183, 0, 0, 16.13
AFLfast,xmllint,10,1624097228, 0, 0, 12.69
AFLfast,xmllint,10,1624097270, 0, 0, 24.41
AFLfast,xmllint,10,1624097296, 0, 0, 24.33
AFLfast,xmllint,10,1624097311, 0, 0, 24.58
AFLfast,xmllint,10,1624097321, 0, 0, 23.37
AFLfast,xmllint,10,1624097337, 0, 0, 13.99
AFLfast,xmllint,10,1624097357, 0, 0, 13.23
AFLfast,xmllint,10,1624097373, 0, 0, 12.95
AFLfast,xmllint,10,1624097394, 0, 0, 24.98
AFLfast,xmllint,10,1624097399, 0, 0, 20.25
AFLfast,xmllint,10,1624097430, 0, 0, 18.30
AFLfast,xmllint,10,1624097476, 0, 0, 19.89
AFLfast,xmllint,10,1624097482, 0, 0, 19.71
AFLfast,xmllint,10,1624097487, 0, 0, 22.92
AFLfast,xmllint,10,1624097492, 0, 0, 20.06
AFLfast,xmllint,10,1624097502, 0, 0, 18.54
AFLfast,xmllint,10,1624097559, 0, 0, 10.03
AFLfast,xmllint,10,1624097605, 0, 0, 11.35
AFLfast,xmllint,10,1624097631, 0, 0, 16.95
AFLfast,xmllint,10,1624097636, 0, 0, 12.82
AFLfast,xmllint,10,1624097652, 0, 0, 16.16
AFLfast,xmllint,10,1624097694, 0, 0, 1.38
AFLfast,xmllint,10,1624097740, 0, 0, 16.77
AFLfast,xmllint,10,1624097746, 0, 0, 1.75
AFLfast,xmllint,10,1624097766, 0, 0, 5.34
AFLfast,xmllint,10,1624097772, 0, 0, 6.45
AFLfast,xmllint,10,1624097777, 0, 0, 9.05
AFLfast,xmllint,10,1624097896, 0, 0, 16.67
AFLfast,xmllint,10,1624097943, 0, 0, 12.83
AFLfast,xmllint,10,1624097948, 0, 0, 12.78
AFLfast,xmllint,10,1624097979, 0, 0, 11.92
AFLfast,xmllint,10,1624098048, 0, 0, 11.45
AFLfast,xmllint,10,1624098084, 0, 0, 13.99
AFLfast,xmllint,10,1624098089, 0, 0, 17.72
AFLfast,xmllint,10,1624098095, 0, 0, 19.50
AFLfast,xmllint,10,1624098130, 0, 0, 21.70
AFLfast,xmllint,10,1624098146, 0, 0, 12.55
AFLfast,xmllint,10,1624098167, 0, 0, 14.39
AFLfast,xmllint,10,1624098276, 0, 0, 20.94
AFLfast,xmllint,10,1624098313, 0, 0, 19.26
AFLfast,xmllint,10,1624098318, 0, 0, 20.93
AFLfast,xmllint,10,1624098323, 0, 0, 21.13
AFLfast,xmllint,10,1624098339, 0, 0, 19.98
AFLfast,xmllint,10,1624098364, 0, 0, 12.06
AFLfast,xmllint,10,1624098400, 0, 0, 14.87
AFLfast,xmllint,10,1624098411, 0, 0, 18.08
AFLfast,xmllint,10,1624098442, 0, 0, 19.56
AFLfast,xmllint,10,1624098483, 0, 0, 17.96
AFLfast,xmllint,10,1624098525, 0, 0, 20.46
AFLfast,xmllint,10,1624098581, 0, 0, 20.54
AFLfast,xmllint,10,1624098638, 0, 0, 19.48
AFLfast,xmllint,10,1624098663, 0, 0, 19.54
AFLfast,xmllint,10,1624098668, 0, 0, 16.20
AFLfast,xmllint,10,1624098776, 0, 0, 17.83
AFLfast,xmllint,10,1624098782, 0, 0, 30.48
AFLfast,xmllint,10,1624098787, 0, 0, 30.09
AFLfast,xmllint,10,1624098792, 0, 0, 29.78
AFLfast,xmllint,10,1624098797, 0, 0, 31.53
AFLfast,xmllint,10,1624098802, 0, 0, 31.23
AFLfast,xmllint,10,1624098807, 0, 0, 21.71
AFLfast,xmllint,10,1624098813, 0, 0, 17.49
AFLfast,xmllint,10,1624098818, 0, 0, 15.67
AFLfast,xmllint,10,1624098823, 0, 0, 5.47
AFLfast,xmllint,10,1624098829, 0, 0, 11.14
AFLfast,xmllint,10,1624098834, 0, 0, 13.42
AFLfast,xmllint,10,1624098839, 0, 0, 12.99
AFLfast,xmllint,10,1624098844, 0, 0, 12.96
AFLfast,xmllint,10,1624098860, 0, 0, 14.84
AFLfast,xmllint,10,1624098870, 0, 0, 13.80
AFLfast,xmllint,10,1624098875, 0, 0, 14.62
AFLfast,xmllint,10,1624098880, 0, 0, 13.69
AFLfast,xmllint,10,1624098886, 0, 0, 14.10
AFLfast,xmllint,10,1624098891, 0, 0, 12.71
AFLfast,xmllint,10,1624098896, 0, 0, 12.67
AFLfast,xmllint,10,1624098901, 0, 0, 13.71
AFLfast,xmllint,10,1624098906, 0, 0, 13.61
AFLfast,xmllint,10,1624098926, 0, 0, 14.09
AFLfast,xmllint,10,1624098932, 0, 0, 14.08
AFLfast,xmllint,10,1624098937, 0, 0, 12.79
AFLfast,xmllint,10,1624098942, 0, 0, 10.25
AFLfast,xmllint,10,1624098947, 0, 0, 17.86
AFLfast,xmllint,10,1624098952, 0, 0, 15.94
AFLfast,xmllint,10,1624098958, 0, 0, 15.98
AFLfast,xmllint,10,1624098964, 0, 1, 0.76
AFLfast,xmllint,10,1624098969, 0, 1, 16.29
AFLfast,xmllint,10,1624098980, 0, 1, 14.98
AFLfast,xmllint,10,1624098985, 0, 1, 15.58
AFLfast,xmllint,10,1624098990, 0, 1, 16.44
AFLfast,xmllint,10,1624099001, 0, 1, 15.79
AFLfast,xmllint,10,1624099011, 0, 1, 16.25
AFLfast,xmllint,10,1624099021, 0, 1, 15.85
AFLfast,xmllint,10,1624099026, 0, 1, 15.62
AFLfast,xmllint,10,1624099032, 0, 1, 15.87
AFLfast,xmllint,10,1624099042, 0, 1, 15.79
AFLfast,xmllint,10,1624099058, 0, 1, 15.94
AFLfast,xmllint,10,1624099068, 0, 1, 15.62
AFLfast,xmllint,10,1624099078, 0, 1, 15.85
AFLfast,xmllint,10,1624099088, 0, 1, 18.25
AFLfast,xmllint,10,1624099098, 0, 2, 1.15
AFLfast,xmllint,10,1624099144, 0, 2, 15.30
AFLfast,xmllint,10,1624099155, 0, 2, 15.69
AFLfast,xmllint,10,1624099170, 0, 2, 11.23
AFLfast,xmllint,10,1624099201, 0, 2, 21.71
AFLfast,xmllint,10,1624099206, 0, 2, 22.22
AFLfast,xmllint,10,1624099227, 0, 2, 22.22
AFLfast,xmllint,10,1624099232, 0, 2, 21.31
AFLfast,xmllint,10,1624099263, 0, 2, 12.91
AFLfast,xmllint,10,1624099278, 0, 2, 12.53
AFLfast,xmllint,10,1624099294, 0, 2, 24.17
AFLfast,xmllint,10,1624099299, 0, 2, 28.61
AFLfast,xmllint,10,1624099309, 0, 2, 31.03
AFLfast,xmllint,10,1624099330, 0, 2, 30.53
AFLfast,xmllint,10,1624099335, 0, 2, 29.51
AFLfast,xmllint,10,1624099340, 0, 2, 29.39
AFLfast,xmllint,10,1624099345, 0, 2, 29.29
AFLfast,xmllint,10,1624099350, 0, 2, 18.83
AFLfast,xmllint,10,1624099382, 0, 2, 15.98
AFLfast,xmllint,10,1624099387, 0, 2, 16.05
AFLfast,xmllint,10,1624099408, 0, 2, 15.66
AFLfast,xmllint,10,1624099425, 0, 2, 2.76
AFLfast,xmllint,10,1624099440, 0, 2, 16.29
AFLfast,xmllint,10,1624099445, 0, 2, 15.73
AFLfast,xmllint,10,1624099450, 0, 2, 16.29
AFLfast,xmllint,10,1624099455, 0, 2, 15.69
AFLfast,xmllint,10,1624099461, 0, 2, 16.18
AFLfast,xmllint,10,1624099466, 0, 2, 17.34
AFLfast,xmllint,10,1624099471, 0, 2, 15.98
AFLfast,xmllint,10,1624099476, 0, 2, 16.19
AFLfast,xmllint,10,1624099487, 0, 2, 16.83
AFLfast,xmllint,10,1624099492, 0, 2, 17.24
AFLfast,xmllint,10,1624099502, 0, 2, 12.52
AFLfast,xmllint,10,1624099512, 0, 2, 14.79
AFLfast,xmllint,10,1624099523, 0, 2, 16.68
AFLfast,xmllint,10,1624099538, 0, 2, 14.81
AFLfast,xmllint,10,1624099544, 0, 2, 13.62
AFLfast,xmllint,10,1624099549, 0, 2, 13.62
AFLfast,xmllint,10,1624099564, 0, 2, 14.44
AFLfast,xmllint,10,1624099585, 0, 2, 14.54
AFLfast,xmllint,10,1624099596, 0, 2, 15.03
AFLfast,xmllint,10,1624099616, 0, 2, 15.03
AFLfast,xmllint,10,1624099632, 0, 2, 2.31
AFLfast,xmllint,10,1624099642, 0, 2, 8.72
AFLfast,xmllint,10,1624099648, 0, 2, 12.81
AFLfast,xmllint,10,1624099658, 0, 2, 14.05
AFLfast,xmllint,10,1624099668, 0, 2, 2.42
AFLfast,xmllint,10,1624099767, 0, 2, 12.43
AFLfast,xmllint,10,1624099921, 0, 2, 12.69
AFLfast,xmllint,10,1624099927, 0, 2, 12.43
AFLfast,xmllint,10,1624099932, 0, 2, 13.15
AFLfast,xmllint,10,1624099937, 0, 2, 9.62
AFLfast,xmllint,10,1624099942, 0, 2, 8.84
AFLfast,xmllint,10,1624099947, 0, 2, 6.73
AFLfast,xmllint,10,1624099968, 0, 2, 6.81
AFLfast,xmllint,10,1624099973, 0, 2, 6.13
AFLfast,xmllint,10,1624099993, 0, 2, 6.89
AFLfast,xmllint,10,1624100051, 0, 2, 8.64
AFLfast,xmllint,10,1624100061, 0, 2, 13.86
AFLfast,xmllint,10,1624100067, 0, 2, 12.69
AFLfast,xmllint,10,1624100077, 0, 2, 14.26
AFLfast,xmllint,10,1624100082, 0, 2, 13.95
AFLfast,xmllint,10,1624100103, 0, 2, 14.21
AFLfast,xmllint,10,1624100109, 0, 2, 1.57
AFLfast,xmllint,10,1624100130, 0, 2, 20.77
AFLfast,xmllint,10,1624100150, 0, 2, 20.59
AFLfast,xmllint,10,1624100181, 0, 2, 30.25
AFLfast,xmllint,10,1624100186, 0, 2, 32.62
AFLfast,xmllint,10,1624100192, 0, 2, 32.83
AFLfast,xmllint,10,1624100202, 0, 2, 35.66
AFLfast,xmllint,10,1624100212, 0, 2, 30.05
AFLfast,xmllint,10,1624100217, 0, 2, 32.67
AFLfast,xmllint,10,1624100228, 0, 2, 25.55
AFLfast,xmllint,10,1624100233, 0, 2, 27.81
AFLfast,xmllint,10,1624100243, 0, 2, 19.38
AFLfast,xmllint,10,1624100269, 0, 2, 12.00
AFLfast,xmllint,10,1624100337, 0, 2, 21.13
AFLfast,xmllint,10,1624100347, 0, 2, 17.36
AFLfast,xmllint,10,1624100435, 0, 2, 13.07
AFLfast,xmllint,10,1624100570, 0, 2, 0.30
AFLfast,xmllint,10,1624100607, 0, 2, 15.18
AFLfast,xmllint,10,1624100628, 0, 2, 11.85
AFLfast,xmllint,10,1624100777, 0, 2, 12.63
AFLfast,xmllint,10,1624100884, 0, 2, 13.37
AFLfast,xmllint,10,1624101004, 0, 2, 16.01
AFLfast,xmllint,10,1624101009, 0, 2, 16.55
AFLfast,xmllint,10,1624101144, 0, 2, 14.87
AFLfast,xmllint,10,1624101164, 0, 2, 20.77
AFLfast,xmllint,10,1624101247, 0, 2, 28.63
AFLfast,xmllint,10,1624101272, 0, 2, 33.92
AFLfast,xmllint,10,1624101283, 0, 2, 40.43
AFLfast,xmllint,10,1624101293, 0, 2, 39.73
AFLfast,xmllint,10,1624101303, 0, 2, 38.13
AFLfast,xmllint,10,1624101309, 0, 2, 36.16
AFLfast,xmllint,10,1624101330, 0, 2, 37.35
AFLfast,xmllint,10,1624101335, 0, 2, 14.52
AFLfast,xmllint,10,1624101350, 0, 2, 17.96
AFLfast,xmllint,10,1624101356, 0, 2, 18.96
AFLfast,xmllint,10,1624101376, 0, 2, 19.36
AFLfast,xmllint,10,1624101401, 0, 2, 19.68
AFLfast,xmllint,10,1624101412, 0, 2, 21.04
AFLfast,xmllint,10,1624101422, 0, 2, 20.05
AFLfast,xmllint,10,1624101437, 0, 2, 19.91
AFLfast,xmllint,10,1624101443, 0, 2, 19.99
AFLfast,xmllint,10,1624101453, 0, 2, 19.42
AFLfast,xmllint,10,1624101468, 0, 2, 19.85
AFLfast,xmllint,10,1624101484, 0, 2, 17.59
AFLfast,xmllint,10,1624101540, 0, 2, 21.75
AFLfast,xmllint,10,1624101633, 0, 2, 16.49
AFLfast,xmllint,10,1624101739, 0, 2, 10.21
AFLfast,xmllint,10,1624101878, 0, 2, 22.73
AFLfast,xmllint,10,1624101939, 0, 2, 43.77
AFLfast,xmllint,10,1624101945, 0, 2, 44.79
AFLfast,xmllint,10,1624101965, 0, 2, 42.19
AFLfast,xmllint,10,1624101981, 0, 2, 40.35
AFLfast,xmllint,10,1624101986, 0, 2, 28.04
AFLfast,xmllint,10,1624101991, 0, 2, 24.27
AFLfast,xmllint,10,1624102006, 0, 2, 14.13
AFLfast,xmllint,10,1624102068, 0, 2, 31.19
AFLfast,xmllint,10,1624102073, 0, 2, 35.07
AFLfast,xmllint,10,1624102083, 0, 2, 34.56
AFLfast,xmllint,10,1624102088, 0, 2, 35.03
AFLfast,xmllint,10,1624102093, 0, 2, 34.32
AFLfast,xmllint,10,1624102119, 0, 2, 24.18
AFLfast,xmllint,10,1624102150, 0, 2, 23.15
AFLfast,xmllint,10,1624102171, 0, 2, 23.27
AFLfast,xmllint,10,1624102202, 0, 2, 22.37
AFLfast,xmllint,10,1624102207, 0, 2, 21.97
AFLfast,xmllint,10,1624102248, 0, 2, 21.88
AFLfast,xmllint,10,1624102253, 0, 2, 21.40
AFLfast,xmllint,10,1624102268, 0, 2, 31.22
AFLfast,xmllint,10,1624102304, 0, 2, 40.02
AFLfast,xmllint,10,1624102325, 0, 2, 43.77
AFLfast,xmllint,10,1624102330, 0, 2, 46.11
AFLfast,xmllint,10,1624102335, 0, 2, 46.43
AFLfast,xmllint,10,1624102340, 0, 2, 47.12
AFLfast,xmllint,10,1624102346, 0, 2, 43.33
AFLfast,xmllint,10,1624102351, 0, 2, 43.48
AFLfast,xmllint,10,1624102356, 0, 2, 48.32
AFLfast,xmllint,10,1624102361, 0, 2, 33.18
AFLfast,xmllint,10,1624102366, 0, 2, 43.39
AFLfast,xmllint,10,1624102376, 0, 2, 46.34
AFLfast,xmllint,10,1624102381, 0, 2, 46.72
AFLfast,xmllint,10,1624102397, 0, 2, 25.40
AFLfast,xmllint,10,1624102408, 0, 2, 23.20
AFLfast,xmllint,10,1624102418, 0, 2, 23.14
AFLfast,xmllint,10,1624102423, 0, 2, 22.31
AFLfast,xmllint,10,1624102428, 0, 2, 23.85
AFLfast,xmllint,10,1624102433, 0, 2, 24.37
AFLfast,xmllint,10,1624102449, 0, 2, 24.75
AFLfast,xmllint,10,1624102454, 0, 2, 25.05
AFLfast,xmllint,10,1624102464, 0, 2, 24.14
AFLfast,xmllint,10,1624102469, 0, 2, 21.86
AFLfast,xmllint,10,1624102485, 0, 2, 22.94
AFLfast,xmllint,10,1624102490, 0, 2, 23.15
AFLfast,xmllint,10,1624102495, 0, 2, 22.15
AFLfast,xmllint,10,1624102500, 0, 2, 22.82
AFLfast,xmllint,10,1624102506, 0, 2, 22.36
AFLfast,xmllint,10,1624102511, 0, 2, 21.97
AFLfast,xmllint,10,1624102521, 0, 2, 21.12
AFLfast,xmllint,10,1624102531, 0, 2, 21.38
AFLfast,xmllint,10,1624102536, 0, 2, 14.51
AFLfast,xmllint,10,1624102583, 0, 2, 16.57
AFLfast,xmllint,10,1624102593, 0, 2, 15.75
AFLfast,xmllint,10,1624102604, 0, 2, 17.12
AFLfast,xmllint,10,1624102609, 0, 2, 15.13
AFLfast,xmllint,10,1624102616, 0, 3, 0.39
AFLfast,xmllint,10,1624102623, 0, 3, 2.62
AFLfast,xmllint,10,1624102628, 0, 3, 14.66
AFLfast,xmllint,10,1624102633, 0, 3, 16.27
AFLfast,xmllint,10,1624102653, 0, 3, 15.86
AFLfast,xmllint,10,1624102664, 0, 3, 15.32
AFLfast,xmllint,10,1624102684, 0, 3, 15.36
AFLfast,xmllint,10,1624102694, 0, 3, 16.94
AFLfast,xmllint,10,1624102705, 0, 3, 19.19
AFLfast,xmllint,10,1624102736, 0, 3, 17.24
AFLfast,xmllint,10,1624102762, 0, 3, 25.55
AFLfast,xmllint,10,1624102787, 0, 3, 13.14
AFLfast,xmllint,10,1624102875, 0, 3, 30.79
AFLfast,xmllint,10,1624102895, 0, 3, 44.58
AFLfast,xmllint,10,1624102906, 0, 3, 42.48
AFLfast,xmllint,10,1624102916, 0, 3, 39.66
AFLfast,xmllint,10,1624102921, 0, 3, 42.38
AFLfast,xmllint,10,1624102926, 0, 3, 43.47
AFLfast,xmllint,10,1624102931, 0, 3, 45.22
AFLfast,xmllint,10,1624102936, 0, 3, 45.96
AFLfast,xmllint,10,1624102947, 0, 3, 42.42
AFLfast,xmllint,10,1624102972, 0, 3, 22.24
AFLfast,xmllint,10,1624102978, 0, 3, 19.96
AFLfast,xmllint,10,1624102983, 0, 3, 20.99
AFLfast,xmllint,10,1624102988, 0, 3, 22.42
AFLfast,xmllint,10,1624102993, 0, 3, 22.17
AFLfast,xmllint,10,1624102998, 0, 3, 21.69
AFLfast,xmllint,10,1624103014, 0, 3, 23.20
AFLfast,xmllint,10,1624103019, 0, 3, 22.36
AFLfast,xmllint,10,1624103024, 0, 3, 23.27
AFLfast,xmllint,10,1624103029, 0, 3, 20.90
AFLfast,xmllint,10,1624103035, 0, 3, 14.90
AFLfast,xmllint,10,1624103111, 0, 3, 24.68
AFLfast,xmllint,10,1624103132, 0, 3, 30.03
AFLfast,xmllint,10,1624103168, 0, 3, 28.16
AFLfast,xmllint,10,1624103199, 0, 3, 30.46
AFLfast,xmllint,10,1624103204, 0, 3, 28.03
AFLfast,xmllint,10,1624103220, 0, 3, 26.60
AFLfast,xmllint,10,1624103225, 0, 3, 26.43
AFLfast,xmllint,10,1624103230, 0, 3, 25.98
AFLfast,xmllint,10,1624103240, 0, 3, 25.83
AFLfast,xmllint,10,1624103245, 0, 3, 26.04
AFLfast,xmllint,10,1624103256, 0, 3, 26.48
AFLfast,xmllint,10,1624103281, 0, 3, 27.61
AFLfast,xmllint,10,1624103287, 0, 3, 26.38
AFLfast,xmllint,10,1624103312, 0, 3, 20.58
AFLfast,xmllint,10,1624103328, 0, 3, 24.57
AFLfast,xmllint,10,1624103333, 0, 3, 24.49
AFLfast,xmllint,10,1624103338, 0, 3, 23.38
AFLfast,xmllint,10,1624103343, 0, 3, 23.89
AFLfast,xmllint,10,1624103353, 0, 3, 23.89
AFLfast,xmllint,10,1624103358, 0, 3, 24.34
AFLfast,xmllint,10,1624103364, 0, 3, 22.85
AFLfast,xmllint,10,1624103369, 0, 3, 24.67
AFLfast,xmllint,10,1624103384, 0, 3, 26.91
AFLfast,xmllint,10,1624103395, 0, 3, 25.85
AFLfast,xmllint,10,1624103405, 0, 3, 22.78
AFLfast,xmllint,10,1624103410, 0, 3, 22.63
AFLfast,xmllint,10,1624103415, 0, 3, 23.36
AFLfast,xmllint,10,1624103431, 0, 3, 25.01
AFLfast,xmllint,10,1624103436, 0, 3, 24.01
AFLfast,xmllint,10,1624103441, 0, 3, 24.13
AFLfast,xmllint,10,1624103446, 0, 3, 23.33
AFLfast,xmllint,10,1624103463, 0, 3, 3.14
AFLfast,xmllint,10,1624103473, 0, 3, 16.46
AFLfast,xmllint,10,1624103483, 0, 3, 23.96
AFLfast,xmllint,10,1624103489, 0, 3, 23.66
AFLfast,xmllint,10,1624103499, 0, 3, 23.64
AFLfast,xmllint,10,1624103504, 0, 3, 24.83
AFLfast,xmllint,10,1624103509, 0, 3, 24.40
AFLfast,xmllint,10,1624103530, 0, 3, 20.93
AFLfast,xmllint,10,1624103535, 0, 3, 23.43
AFLfast,xmllint,10,1624103540, 0, 3, 22.73
AFLfast,xmllint,10,1624103550, 0, 3, 23.08
AFLfast,xmllint,10,1624103561, 0, 3, 1.56
AFLfast,xmllint,10,1624103571, 0, 3, 2.20
AFLfast,xmllint,10,1624103576, 0, 3, 22.15
AFLfast,xmllint,10,1624103582, 0, 3, 23.58
AFLfast,xmllint,10,1624103587, 0, 3, 22.55
AFLfast,xmllint,10,1624103597, 0, 3, 23.96
AFLfast,xmllint,10,1624103602, 0, 3, 30.64
AFLfast,xmllint,10,1624103623, 0, 3, 27.12
AFLfast,xmllint,10,1624103639, 0, 3, 3.11
AFLfast,xmllint,10,1624103670, 0, 3, 21.70
AFLfast,xmllint,10,1624103675, 0, 3, 20.77
AFLfast,xmllint,10,1624103680, 0, 3, 21.13
AFLfast,xmllint,10,1624103685, 0, 3, 20.46
AFLfast,xmllint,10,1624103691, 0, 3, 21.04
AFLfast,xmllint,10,1624103696, 0, 3, 21.55
AFLfast,xmllint,10,1624103706, 0, 3, 22.96
AFLfast,xmllint,10,1624103711, 0, 3, 21.66
AFLfast,xmllint,10,1624103737, 0, 3, 20.63
AFLfast,xmllint,10,1624103742, 0, 3, 21.54
AFLfast,xmllint,10,1624103752, 0, 3, 23.70
AFLfast,xmllint,10,1624103762, 0, 3, 24.26
AFLfast,xmllint,10,1624103767, 0, 3, 23.93
AFLfast,xmllint,10,1624103772, 0, 3, 24.70
AFLfast,xmllint,10,1624103783, 0, 3, 23.78
AFLfast,xmllint,10,1624103788, 0, 3, 23.96
AFLfast,xmllint,10,1624103793, 0, 3, 24.38
AFLfast,xmllint,10,1624103813, 0, 3, 22.49
AFLfast,xmllint,10,1624103818, 0, 3, 22.87
AFLfast,xmllint,10,1624103828, 0, 3, 4.01
AFLfast,xmllint,10,1624103839, 0, 3, 22.82
AFLfast,xmllint,10,1624103854, 0, 3, 23.21
AFLfast,xmllint,10,1624103859, 0, 3, 23.41
AFLfast,xmllint,10,1624103864, 0, 3, 25.02
AFLfast,xmllint,10,1624103869, 0, 3, 24.48
AFLfast,xmllint,10,1624103875, 0, 3, 24.39
AFLfast,xmllint,10,1624103880, 0, 3, 24.01
AFLfast,xmllint,10,1624103885, 0, 3, 22.75
AFLfast,xmllint,10,1624103895, 0, 3, 22.35
AFLfast,xmllint,10,1624103916, 0, 3, 21.56
AFLfast,xmllint,10,1624103952, 0, 3, 20.52
AFLfast,xmllint,10,1624103957, 0, 3, 20.14
AFLfast,xmllint,10,1624103962, 0, 3, 21.28
AFLfast,xmllint,10,1624103967, 0, 3, 21.40
AFLfast,xmllint,10,1624103972, 0, 3, 22.07
AFLfast,xmllint,10,1624103978, 0, 3, 21.55
AFLfast,xmllint,10,1624103988, 0, 3, 18.10
AFLfast,xmllint,10,1624104029, 0, 3, 28.01
AFLfast,xmllint,10,1624104050, 0, 3, 17.13
AFLfast,xmllint,10,1624104106, 0, 3, 4.94
AFLfast,xmllint,10,1624104111, 0, 3, 34.17
AFLfast,xmllint,10,1624104121, 0, 3, 32.24
AFLfast,xmllint,10,1624104127, 0, 3, 31.39
AFLfast,xmllint,10,1624104132, 0, 3, 31.75
AFLfast,xmllint,10,1624104142, 0, 3, 24.65
AFLfast,xmllint,10,1624104173, 0, 3, 21.82
AFLfast,xmllint,10,1624104239, 0, 3, 33.56
AFLfast,xmllint,10,1624104245, 0, 3, 30.11
AFLfast,xmllint,10,1624104327, 0, 3, 21.52
AFLfast,xmllint,10,1624104332, 0, 3, 23.10
AFLfast,xmllint,10,1624104338, 0, 3, 23.77
AFLfast,xmllint,10,1624104348, 0, 3, 25.28
AFLfast,xmllint,10,1624104425, 0, 3, 27.37
AFLfast,xmllint,10,1624104467, 0, 3, 44.95
AFLfast,xmllint,10,1624104492, 0, 3, 35.11
AFLfast,xmllint,10,1624104497, 0, 3, 37.85
AFLfast,xmllint,10,1624104503, 0, 3, 39.44
AFLfast,xmllint,10,1624104508, 0, 3, 40.88
AFLfast,xmllint,10,1624104513, 0, 3, 34.06
AFLfast,xmllint,10,1624104518, 0, 3, 27.33
AFLfast,xmllint,10,1624104523, 0, 3, 24.88
AFLfast,xmllint,10,1624104544, 0, 3, 25.61
AFLfast,xmllint,10,1624104554, 0, 3, 25.68
AFLfast,xmllint,10,1624104559, 0, 3, 24.70
AFLfast,xmllint,10,1624104564, 0, 3, 24.72
AFLfast,xmllint,10,1624104579, 0, 3, 25.40
AFLfast,xmllint,10,1624104595, 0, 3, 28.57
AFLfast,xmllint,10,1624104600, 0, 3, 2.07
AFLfast,xmllint,10,1624104642, 0, 3, 17.43
AFLfast,xmllint,10,1624104672, 0, 3, 16.21
AFLfast,xmllint,10,1624104677, 0, 3, 19.37
AFLfast,xmllint,10,1624104683, 0, 3, 18.26
AFLfast,xmllint,10,1624104688, 0, 3, 19.47
AFLfast,xmllint,10,1624104693, 0, 3, 21.02
AFLfast,xmllint,10,1624104698, 0, 3, 21.08
AFLfast,xmllint,10,1624104703, 0, 3, 18.47
AFLfast,xmllint,10,1624104708, 0, 3, 21.07
AFLfast,xmllint,10,1624104713, 0, 3, 22.51
AFLfast,xmllint,10,1624104718, 0, 3, 22.79
AFLfast,xmllint,10,1624104723, 0, 3, 21.75
AFLfast,xmllint,10,1624104729, 0, 3, 14.60
AFLfast,xmllint,10,1624105034, 0, 3, 16.13
AFLfast,xmllint,10,1624105039, 0, 3, 15.51
AFLfast,xmllint,10,1624105049, 0, 3, 22.84
AFLfast,xmllint,10,1624105054, 0, 3, 24.50
AFLfast,xmllint,10,1624105059, 0, 3, 23.80
AFLfast,xmllint,10,1624105075, 0, 3, 23.40
AFLfast,xmllint,10,1624105080, 0, 3, 23.05
AFLfast,xmllint,10,1624105101, 0, 3, 11.52
AFLfast,xmllint,10,1624105111, 0, 3, 34.27
AFLfast,xmllint,10,1624105121, 0, 3, 37.56
AFLfast,xmllint,10,1624105126, 0, 3, 41.74
AFLfast,xmllint,10,1624105142, 0, 3, 42.28
AFLfast,xmllint,10,1624105147, 0, 3, 9.62
AFLfast,xmllint,10,1624105162, 0, 3, 35.10
AFLfast,xmllint,10,1624105173, 0, 3, 22.64
AFLfast,xmllint,10,1624105188, 0, 3, 25.89
AFLfast,xmllint,10,1624105198, 0, 3, 38.88
AFLfast,xmllint,10,1624105203, 0, 3, 39.74
AFLfast,xmllint,10,1624105208, 0, 3, 40.59
AFLfast,xmllint,10,1624105214, 0, 3, 41.87
AFLfast,xmllint,10,1624105219, 0, 3, 41.52
AFLfast,xmllint,10,1624105224, 0, 3, 41.66
AFLfast,xmllint,10,1624105234, 0, 3, 38.87
AFLfast,xmllint,10,1624105259, 0, 3, 23.36
AFLfast,xmllint,10,1624105351, 0, 3, 15.95
AFLfast,xmllint,10,1624105366, 0, 3, 26.70
AFLfast,xmllint,10,1624105377, 0, 3, 21.55
AFLfast,xmllint,10,1624105397, 0, 3, 39.07
AFLfast,xmllint,10,1624105402, 0, 3, 36.98
AFLfast,xmllint,10,1624105438, 0, 3, 33.73
AFLfast,xmllint,10,1624105443, 0, 3, 23.05
AFLfast,xmllint,10,1624105469, 0, 3, 39.23
AFLfast,xmllint,10,1624105474, 0, 3, 40.07
AFLfast,xmllint,10,1624105484, 0, 3, 39.77
AFLfast,xmllint,10,1624105500, 0, 3, 44.09
AFLfast,xmllint,10,1624105505, 0, 3, 27.39
AFLfast,xmllint,10,1624105536, 0, 3, 15.17
AFLfast,xmllint,10,1624105572, 0, 3, 29.22
AFLfast,xmllint,10,1624105629, 0, 3, 33.34
AFLfast,xmllint,10,1624105634, 0, 3, 36.42
AFLfast,xmllint,10,1624105639, 0, 3, 34.77
AFLfast,xmllint,10,1624105644, 0, 3, 35.55
AFLfast,xmllint,10,1624105654, 0, 3, 32.44
AFLfast,xmllint,10,1624105660, 0, 3, 31.81
AFLfast,xmllint,10,1624105665, 0, 3, 4.57
AFLfast,xmllint,10,1624105753, 0, 3, 18.96
AFLfast,xmllint,10,1624105768, 0, 3, 12.49
AFLfast,xmllint,10,1624105841, 0, 3, 35.03
AFLfast,xmllint,10,1624105851, 0, 3, 41.18
AFLfast,xmllint,10,1624105856, 0, 3, 41.59
AFLfast,xmllint,10,1624105861, 0, 3, 43.59
AFLfast,xmllint,10,1624105872, 0, 3, 25.83
AFLfast,xmllint,10,1624105882, 0, 3, 37.64
AFLfast,xmllint,10,1624105887, 0, 3, 39.31
AFLfast,xmllint,10,1624105892, 0, 3, 39.95
AFLfast,xmllint,10,1624105897, 0, 3, 38.97
AFLfast,xmllint,10,1624105903, 0, 3, 40.21
AFLfast,xmllint,10,1624105913, 0, 3, 40.10
AFLfast,xmllint,10,1624105918, 0, 3, 27.49
AFLfast,xmllint,10,1624105939, 0, 3, 21.82
AFLfast,xmllint,10,1624105949, 0, 3, 22.86
AFLfast,xmllint,10,1624105975, 0, 3, 21.94
AFLfast,xmllint,10,1624105990, 0, 3, 22.13
AFLfast,xmllint,10,1624105995, 0, 3, 23.05
AFLfast,xmllint,10,1624106000, 0, 3, 4.00
AFLfast,xmllint,10,1624106006, 0, 3, 25.24
AFLfast,xmllint,10,1624106026, 0, 3, 23.64
AFLfast,xmllint,10,1624106031, 0, 3, 22.09
AFLfast,xmllint,10,1624106041, 0, 3, 23.02
AFLfast,xmllint,10,1624106047, 0, 3, 20.66
AFLfast,xmllint,10,1624106062, 0, 3, 21.80
AFLfast,xmllint,10,1624106067, 0, 3, 22.86
AFLfast,xmllint,10,1624106093, 0, 3, 24.07
AFLfast,xmllint,10,1624106098, 0, 3, 23.63
AFLfast,xmllint,10,1624106109, 0, 3, 22.26
AFLfast,xmllint,10,1624106125, 0, 3, 24.26
AFLfast,xmllint,10,1624106130, 0, 3, 23.82
AFLfast,xmllint,10,1624106172, 0, 3, 1.98
AFLfast,xmllint,10,1624106187, 0, 3, 24.57
AFLfast,xmllint,10,1624106192, 0, 3, 23.97
AFLfast,xmllint,10,1624106202, 0, 3, 23.52
AFLfast,xmllint,10,1624106212, 0, 3, 23.50
AFLfast,xmllint,10,1624106217, 0, 3, 25.14
AFLfast,xmllint,10,1624106223, 0, 3, 24.63
AFLfast,xmllint,10,1624106238, 0, 3, 0.93
AFLfast,xmllint,10,1624106249, 0, 3, 25.58
AFLfast,xmllint,10,1624106259, 0, 3, 22.17
AFLfast,xmllint,10,1624106280, 0, 3, 31.24
AFLfast,xmllint,10,1624106290, 0, 3, 25.01
AFLfast,xmllint,10,1624106295, 0, 3, 25.34
AFLfast,xmllint,10,1624106311, 0, 3, 23.30
AFLfast,xmllint,10,1624106347, 0, 3, 20.17
AFLfast,xmllint,10,1624106352, 0, 3, 22.32
AFLfast,xmllint,10,1624106357, 0, 3, 22.57
AFLfast,xmllint,10,1624106362, 0, 3, 19.70
AFLfast,xmllint,10,1624106372, 0, 3, 20.95
AFLfast,xmllint,10,1624106383, 0, 3, 21.22
AFLfast,xmllint,10,1624106388, 0, 3, 15.89
AFLfast,xmllint,10,1624106419, 0, 3, 22.51
AFLfast,xmllint,10,1624106424, 0, 4, 1.37
AFLfast,xmllint,10,1624106429, 0, 4, 35.80
AFLfast,xmllint,10,1624106434, 0, 4, 36.47
AFLfast,xmllint,10,1624106439, 0, 4, 36.61
AFLfast,xmllint,10,1624106444, 0, 4, 37.86
AFLfast,xmllint,10,1624106450, 0, 4, 37.17
AFLfast,xmllint,10,1624106460, 0, 4, 35.56
AFLfast,xmllint,10,1624106532, 0, 4, 14.55
AFLfast,xmllint,10,1624106558, 0, 4, 12.93
AFLfast,xmllint,10,1624106568, 0, 4, 13.75
AFLfast,xmllint,10,1624106573, 0, 4, 11.72
AFLfast,xmllint,10,1624106584, 0, 4, 14.36
AFLfast,xmllint,10,1624106589, 0, 4, 17.62
AFLfast,xmllint,10,1624106605, 0, 4, 10.25
AFLfast,xmllint,10,1624106621, 0, 4, 14.39
AFLfast,xmllint,10,1624106626, 0, 4, 15.97
AFLfast,xmllint,10,1624106672, 0, 4, 17.72
AFLfast,xmllint,10,1624106683, 0, 4, 20.15
AFLfast,xmllint,10,1624106698, 0, 4, 19.99
AFLfast,xmllint,10,1624106709, 0, 4, 20.10
AFLfast,xmllint,10,1624106719, 0, 4, 20.08
AFLfast,xmllint,10,1624106724, 0, 4, 20.41
AFLfast,xmllint,10,1624106734, 0, 4, 16.80
AFLfast,xmllint,10,1624106771, 0, 4, 21.19
AFLfast,xmllint,10,1624106786, 0, 4, 21.62
AFLfast,xmllint,10,1624106796, 0, 4, 19.76
AFLfast,xmllint,10,1624106807, 0, 4, 21.03
AFLfast,xmllint,10,1624106827, 0, 4, 16.12
AFLfast,xmllint,10,1624106853, 0, 4, 32.59
AFLfast,xmllint,10,1624106873, 0, 4, 37.35
AFLfast,xmllint,10,1624106884, 0, 4, 40.45
AFLfast,xmllint,10,1624106889, 0, 4, 39.59
AFLfast,xmllint,10,1624106894, 0, 4, 39.76
AFLfast,xmllint,10,1624106899, 0, 4, 42.37
AFLfast,xmllint,10,1624106910, 0, 4, 14.38
AFLfast,xmllint,10,1624106971, 0, 4, 21.17
AFLfast,xmllint,10,1624106982, 0, 4, 32.79
AFLfast,xmllint,10,1624106992, 0, 4, 33.93
AFLfast,xmllint,10,1624106997, 0, 4, 33.92
AFLfast,xmllint,10,1624107002, 0, 4, 52.63
AFLfast,xmllint,10,1624107007, 0, 4, 72.81
AFLfast,xmllint,10,1624107023, 0, 4, 26.43
AFLfast,xmllint,10,1624107049, 0, 4, 4.48
AFLfast,xmllint,10,1624107064, 0, 4, 22.06
AFLfast,xmllint,10,1624107069, 0, 4, 22.27
AFLfast,xmllint,10,1624107074, 0, 4, 21.47
AFLfast,xmllint,10,1624107100, 0, 4, 33.22
AFLfast,xmllint,10,1624107120, 0, 4, 38.84
AFLfast,xmllint,10,1624107151, 0, 4, 35.55
AFLfast,xmllint,10,1624107161, 0, 4, 37.03
AFLfast,xmllint,10,1624107181, 0, 4, 35.21
AFLfast,xmllint,10,1624107218, 0, 4, 36.27
AFLfast,xmllint,10,1624107238, 0, 4, 30.71
AFLfast,xmllint,10,1624107280, 0, 4, 24.81
AFLfast,xmllint,10,1624107351, 0, 4, 31.38
AFLfast,xmllint,10,1624107361, 0, 4, 26.58
AFLfast,xmllint,10,1624107402, 0, 4, 32.83
AFLfast,xmllint,10,1624107443, 0, 4, 21.94
AFLfast,xmllint,10,1624107484, 0, 4, 34.99
AFLfast,xmllint,10,1624107495, 0, 4, 40.78
AFLfast,xmllint,10,1624107510, 0, 4, 42.50
AFLfast,xmllint,10,1624107515, 0, 4, 38.80
AFLfast,xmllint,10,1624107521, 0, 4, 39.58
AFLfast,xmllint,10,1624107531, 0, 4, 42.56
AFLfast,xmllint,10,1624107547, 0, 4, 24.55
AFLfast,xmllint,10,1624107578, 0, 4, 21.98
AFLfast,xmllint,10,1624107588, 0, 4, 21.96
AFLfast,xmllint,10,1624107598, 0, 4, 20.90
AFLfast,xmllint,10,1624107603, 0, 4, 19.56
AFLfast,xmllint,10,1624107619, 0, 4, 20.35
AFLfast,xmllint,10,1624107624, 0, 4, 20.05
AFLfast,xmllint,10,1624107629, 0, 4, 3.49
AFLfast,xmllint,10,1624107670, 0, 4, 34.53
AFLfast,xmllint,10,1624107691, 0, 4, 36.78
AFLfast,xmllint,10,1624107721, 0, 4, 32.63
AFLfast,xmllint,10,1624107726, 0, 4, 29.52
AFLfast,xmllint,10,1624107742, 0, 4, 20.60
AFLfast,xmllint,10,1624107752, 0, 4, 19.56
AFLfast,xmllint,10,1624107757, 0, 4, 20.02
AFLfast,xmllint,10,1624107762, 0, 4, 19.97
AFLfast,xmllint,10,1624107768, 0, 4, 19.55
AFLfast,xmllint,10,1624107773, 0, 4, 18.92
AFLfast,xmllint,10,1624107778, 0, 4, 21.49
AFLfast,xmllint,10,1624107804, 0, 4, 2.87
AFLfast,xmllint,10,1624107809, 0, 4, 19.82
AFLfast,xmllint,10,1624107814, 0, 4, 21.41
AFLfast,xmllint,10,1624107819, 0, 4, 22.18
AFLfast,xmllint,10,1624107824, 0, 4, 22.40
AFLfast,xmllint,10,1624107835, 0, 4, 23.62
AFLfast,xmllint,10,1624107840, 0, 4, 23.10
AFLfast,xmllint,10,1624107850, 0, 4, 25.38
AFLfast,xmllint,10,1624107871, 0, 4, 19.47
AFLfast,xmllint,10,1624107876, 0, 4, 21.23
AFLfast,xmllint,10,1624107881, 0, 4, 20.95
AFLfast,xmllint,10,1624107891, 0, 4, 21.10
AFLfast,xmllint,10,1624107911, 0, 4, 21.84
AFLfast,xmllint,10,1624107917, 0, 4, 12.79
AFLfast,xmllint,10,1624107942, 0, 4, 5.10
AFLfast,xmllint,10,1624108138, 0, 4, 1.80
AFLfast,xmllint,10,1624108247, 0, 4, 32.45
AFLfast,xmllint,10,1624108268, 0, 4, 43.13
AFLfast,xmllint,10,1624108278, 0, 4, 46.56
AFLfast,xmllint,10,1624108283, 0, 4, 47.41
AFLfast,xmllint,10,1624108293, 0, 4, 45.53
AFLfast,xmllint,10,1624108298, 0, 4, 45.85
AFLfast,xmllint,10,1624108304, 0, 4, 45.50
AFLfast,xmllint,10,1624108309, 0, 4, 43.46
AFLfast,xmllint,10,1624108314, 0, 4, 44.92
AFLfast,xmllint,10,1624108335, 0, 4, 10.83
AFLfast,xmllint,10,1624108340, 0, 4, 14.13
AFLfast,xmllint,10,1624108417, 0, 4, 20.99
AFLfast,xmllint,10,1624108437, 0, 4, 31.63
AFLfast,xmllint,10,1624108442, 0, 4, 33.27
AFLfast,xmllint,10,1624108452, 0, 4, 35.22
AFLfast,xmllint,10,1624108457, 0, 4, 35.00
AFLfast,xmllint,10,1624108462, 0, 4, 38.06
AFLfast,xmllint,10,1624108473, 0, 4, 32.68
AFLfast,xmllint,10,1624108508, 0, 4, 23.19
AFLfast,xmllint,10,1624108513, 0, 4, 21.52
AFLfast,xmllint,10,1624108518, 0, 4, 21.32
AFLfast,xmllint,10,1624108539, 0, 4, 20.37
AFLfast,xmllint,10,1624108570, 0, 4, 20.66
AFLfast,xmllint,10,1624108595, 0, 4, 22.57
AFLfast,xmllint,10,1624108600, 0, 4, 20.98
AFLfast,xmllint,10,1624108611, 0, 4, 21.46
AFLfast,xmllint,10,1624108631, 0, 4, 24.20
AFLfast,xmllint,10,1624108642, 0, 4, 35.39
AFLfast,xmllint,10,1624108657, 0, 4, 39.23
AFLfast,xmllint,10,1624108672, 0, 4, 38.46
AFLfast,xmllint,10,1624108682, 0, 4, 44.90
AFLfast,xmllint,10,1624108703, 0, 4, 5.05
AFLfast,xmllint,10,1624108744, 0, 4, 32.88
AFLfast,xmllint,10,1624108749, 0, 4, 35.33
AFLfast,xmllint,10,1624108759, 0, 4, 34.92
AFLfast,xmllint,10,1624108774, 0, 4, 34.83
AFLfast,xmllint,10,1624108790, 0, 4, 42.81
AFLfast,xmllint,10,1624108795, 0, 4, 41.19
AFLfast,xmllint,10,1624108805, 0, 4, 23.17
AFLfast,xmllint,10,1624108810, 0, 4, 21.34
AFLfast,xmllint,10,1624108815, 0, 4, 20.20
AFLfast,xmllint,10,1624108826, 0, 4, 22.29
AFLfast,xmllint,10,1624108851, 0, 4, 1.03
AFLfast,xmllint,10,1624108882, 0, 4, 20.87
AFLfast,xmllint,10,1624108913, 0, 4, 21.76
AFLfast,xmllint,10,1624108990, 0, 4, 18.52
AFLfast,xmllint,10,1624109006, 0, 4, 19.45
AFLfast,xmllint,10,1624109099, 0, 4, 19.91
AFLfast,xmllint,10,1624109130, 0, 4, 35.77
AFLfast,xmllint,10,1624109135, 0, 4, 36.85
AFLfast,xmllint,10,1624109140, 0, 4, 35.88
AFLfast,xmllint,10,1624109145, 0, 4, 28.18
AFLfast,xmllint,10,1624109161, 0, 4, 21.02
AFLfast,xmllint,10,1624109171, 0, 4, 19.39
AFLfast,xmllint,10,1624109176, 0, 4, 14.31
AFLfast,xmllint,10,1624109223, 0, 4, 32.17
AFLfast,xmllint,10,1624109233, 0, 4, 34.92
AFLfast,xmllint,10,1624109238, 0, 4, 35.27
AFLfast,xmllint,10,1624109254, 0, 4, 27.13
AFLfast,xmllint,10,1624109274, 0, 4, 43.95
AFLfast,xmllint,10,1624109284, 0, 4, 10.81
AFLfast,xmllint,10,1624109295, 0, 4, 20.66
AFLfast,xmllint,10,1624109300, 0, 4, 21.62
AFLfast,xmllint,10,1624109310, 0, 4, 22.79
AFLfast,xmllint,10,1624109315, 0, 4, 21.64
AFLfast,xmllint,10,1624109321, 0, 4, 20.88
AFLfast,xmllint,10,1624109336, 0, 4, 13.98
AFLfast,xmllint,10,1624109403, 0, 4, 34.28
AFLfast,xmllint,10,1624109418, 0, 4, 40.20
AFLfast,xmllint,10,1624109428, 0, 4, 39.62
AFLfast,xmllint,10,1624109485, 0, 4, 34.45
AFLfast,xmllint,10,1624109490, 0, 4, 2.88
AFLfast,xmllint,10,1624109500, 0, 4, 19.57
AFLfast,xmllint,10,1624109511, 0, 4, 20.40
AFLfast,xmllint,10,1624109526, 0, 4, 33.76
AFLfast,xmllint,10,1624109531, 0, 4, 41.00
AFLfast,xmllint,10,1624109536, 0, 4, 42.88
AFLfast,xmllint,10,1624109552, 0, 4, 40.31
AFLfast,xmllint,10,1624109557, 0, 4, 41.63
AFLfast,xmllint,10,1624109562, 0, 4, 41.63
AFLfast,xmllint,10,1624109567, 0, 4, 41.51
AFLfast,xmllint,10,1624109578, 0, 4, 42.48
AFLfast,xmllint,10,1624109583, 0, 4, 40.09
AFLfast,xmllint,10,1624109618, 0, 4, 17.38
AFLfast,xmllint,10,1624109675, 0, 4, 3.48
AFLfast,xmllint,10,1624109706, 0, 4, 18.68
AFLfast,xmllint,10,1624109711, 0, 4, 19.82
AFLfast,xmllint,10,1624109721, 0, 4, 19.71
AFLfast,xmllint,10,1624109726, 0, 4, 20.44
AFLfast,xmllint,10,1624109731, 0, 4, 21.45
AFLfast,xmllint,10,1624109752, 0, 4, 19.50
AFLfast,xmllint,10,1624109767, 0, 4, 21.77
AFLfast,xmllint,10,1624109788, 0, 4, 38.00
AFLfast,xmllint,10,1624109793, 0, 4, 42.15
AFLfast,xmllint,10,1624109798, 0, 4, 43.10
AFLfast,xmllint,10,1624109813, 0, 4, 41.85
AFLfast,xmllint,10,1624109829, 0, 4, 42.64
AFLfast,xmllint,10,1624109834, 0, 4, 41.94
AFLfast,xmllint,10,1624109839, 0, 4, 42.77
AFLfast,xmllint,10,1624109855, 0, 4, 22.99
AFLfast,xmllint,10,1624109860, 0, 4, 23.30
AFLfast,xmllint,10,1624109865, 0, 4, 16.34
AFLfast,xmllint,10,1624109880, 0, 4, 23.63
AFLfast,xmllint,10,1624109885, 0, 4, 23.76
AFLfast,xmllint,10,1624109890, 0, 4, 23.59
AFLfast,xmllint,10,1624109895, 0, 4, 23.58
AFLfast,xmllint,10,1624109906, 0, 4, 23.66
AFLfast,xmllint,10,1624109916, 0, 4, 32.40
AFLfast,xmllint,10,1624109942, 0, 4, 1.10
AFLfast,xmllint,10,1624109978, 0, 4, 33.36
AFLfast,xmllint,10,1624110003, 0, 4, 42.82
AFLfast,xmllint,10,1624110014, 0, 4, 43.92
AFLfast,xmllint,10,1624110019, 0, 4, 34.44
AFLfast,xmllint,10,1624110065, 0, 4, 35.95
AFLfast,xmllint,10,1624110096, 0, 4, 36.63
AFLfast,xmllint,10,1624110116, 0, 4, 40.30
AFLfast,xmllint,10,1624110122, 0, 4, 38.35
AFLfast,xmllint,10,1624110147, 0, 4, 32.83
AFLfast,xmllint,10,1624110152, 0, 4, 39.01
AFLfast,xmllint,10,1624110157, 0, 4, 41.53
AFLfast,xmllint,10,1624110172, 0, 4, 25.21
AFLfast,xmllint,10,1624110198, 0, 4, 13.46
AFLfast,xmllint,10,1624110234, 0, 4, 34.40
AFLfast,xmllint,10,1624110244, 0, 4, 3.55
AFLfast,xmllint,10,1624110353, 0, 4, 13.35
AFLfast,xmllint,10,1624110358, 0, 4, 13.80
AFLfast,xmllint,10,1624110363, 0, 4, 15.18
AFLfast,xmllint,10,1624110368, 0, 4, 17.08
AFLfast,xmllint,10,1624110399, 0, 4, 13.82
AFLfast,xmllint,10,1624110404, 0, 4, 15.12
AFLfast,xmllint,10,1624110425, 0, 4, 8.29
AFLfast,xmllint,10,1624110451, 0, 4, 11.98
AFLfast,xmllint,10,1624110487, 0, 4, 27.22
AFLfast,xmllint,10,1624110492, 0, 4, 32.85
AFLfast,xmllint,10,1624110523, 0, 4, 21.52
AFLfast,xmllint,10,1624110584, 0, 4, 31.19
AFLfast,xmllint,10,1624110610, 0, 4, 28.21
AFLfast,xmllint,10,1624110615, 0, 4, 27.65
AFLfast,xmllint,10,1624110631, 0, 4, 22.24
AFLfast,xmllint,10,1624110651, 0, 4, 21.08
AFLfast,xmllint,10,1624110672, 0, 4, 35.46
AFLfast,xmllint,10,1624110677, 0, 4, 39.33
AFLfast,xmllint,10,1624110687, 0, 4, 41.43
AFLfast,xmllint,10,1624110698, 0, 4, 32.44
AFLfast,xmllint,10,1624110713, 0, 4, 35.92
AFLfast,xmllint,10,1624110723, 0, 4, 26.22
AFLfast,xmllint,10,1624110729, 0, 4, 24.61
AFLfast,xmllint,10,1624110739, 0, 4, 24.05
AFLfast,xmllint,10,1624110749, 0, 4, 23.92
AFLfast,xmllint,10,1624110765, 0, 4, 24.71
AFLfast,xmllint,10,1624110770, 0, 4, 23.52
AFLfast,xmllint,10,1624110780, 0, 4, 21.46
AFLfast,xmllint,10,1624110795, 0, 4, 24.77
AFLfast,xmllint,10,1624110800, 0, 4, 23.91
AFLfast,xmllint,10,1624110826, 0, 4, 22.92
AFLfast,xmllint,10,1624110857, 0, 4, 20.68
AFLfast,xmllint,10,1624110862, 0, 4, 21.97
AFLfast,xmllint,10,1624110887, 0, 4, 22.26
AFLfast,xmllint,10,1624110898, 0, 4, 27.94
AFLfast,xmllint,10,1624110913, 0, 4, 42.21
AFLfast,xmllint,10,1624110918, 0, 4, 40.00
AFLfast,xmllint,10,1624110929, 0, 4, 44.01
AFLfast,xmllint,10,1624110939, 0, 4, 35.08
AFLfast,xmllint,10,1624110944, 0, 4, 41.23
AFLfast,xmllint,10,1624110949, 0, 4, 42.15
AFLfast,xmllint,10,1624110959, 0, 4, 44.25
AFLfast,xmllint,10,1624110969, 0, 4, 25.46
AFLfast,xmllint,10,1624110995, 0, 4, 24.00
AFLfast,xmllint,10,1624111010, 0, 4, 33.25
AFLfast,xmllint,10,1624111021, 0, 4, 41.80
AFLfast,xmllint,10,1624111026, 0, 4, 43.81
AFLfast,xmllint,10,1624111036, 0, 4, 43.06
AFLfast,xmllint,10,1624111056, 0, 4, 39.22
AFLfast,xmllint,10,1624111066, 0, 4, 37.28
AFLfast,xmllint,10,1624111133, 0, 4, 34.37
AFLfast,xmllint,10,1624111144, 0, 4, 31.85
AFLfast,xmllint,10,1624111169, 0, 4, 38.50
AFLfast,xmllint,10,1624111185, 0, 4, 40.35
AFLfast,xmllint,10,1624111200, 0, 4, 37.90
AFLfast,xmllint,10,1624111205, 0, 4, 39.96
AFLfast,xmllint,10,1624111226, 0, 4, 1.01
AFLfast,xmllint,10,1624111241, 0, 4, 40.76
AFLfast,xmllint,10,1624111252, 0, 4, 7.89
AFLfast,xmllint,10,1624111365, 0, 4, 5.41
AFLfast,xmllint,10,1624111488, 0, 4, 12.66
AFLfast,xmllint,10,1624111509, 0, 4, 15.91
AFLfast,xmllint,10,1624111514, 0, 4, 15.62
AFLfast,xmllint,10,1624111545, 0, 4, 15.07
AFLfast,xmllint,10,1624111576, 0, 4, 30.02
AFLfast,xmllint,10,1624111618, 0, 4, 35.64
AFLfast,xmllint,10,1624111648, 0, 4, 26.47
AFLfast,xmllint,10,1624111653, 0, 4, 31.86
AFLfast,xmllint,10,1624111674, 0, 4, 32.68
AFLfast,xmllint,10,1624111715, 0, 4, 16.00
AFLfast,xmllint,10,1624111720, 0, 4, 18.22
AFLfast,xmllint,10,1624111725, 0, 4, 18.88
AFLfast,xmllint,10,1624111735, 0, 4, 19.90
AFLfast,xmllint,10,1624111747, 0, 5, 0.20
AFLfast,xmllint,10,1624111752, 0, 5, 15.66
AFLfast,xmllint,10,1624111757, 0, 5, 17.74
AFLfast,xmllint,10,1624111762, 0, 5, 19.40
AFLfast,xmllint,10,1624111803, 0, 5, 22.01
AFLfast,xmllint,10,1624111808, 0, 5, 37.22
AFLfast,xmllint,10,1624111818, 0, 5, 44.15
AFLfast,xmllint,10,1624111823, 0, 5, 43.93
AFLfast,xmllint,10,1624111834, 0, 5, 40.51
AFLfast,xmllint,10,1624111844, 0, 5, 46.33
AFLfast,xmllint,10,1624111855, 0, 5, 42.39
AFLfast,xmllint,10,1624111865, 0, 5, 31.44
AFLfast,xmllint,10,1624111901, 0, 5, 21.99
AFLfast,xmllint,10,1624111922, 0, 5, 36.26
AFLfast,xmllint,10,1624111932, 0, 5, 33.64
AFLfast,xmllint,10,1624111938, 0, 5, 37.23
AFLfast,xmllint,10,1624111948, 0, 5, 39.11
AFLfast,xmllint,10,1624111958, 0, 5, 42.06
AFLfast,xmllint,10,1624111974, 0, 5, 29.60
AFLfast,xmllint,10,1624111994, 0, 5, 25.30
AFLfast,xmllint,10,1624112020, 0, 5, 24.34
AFLfast,xmllint,10,1624112035, 0, 5, 35.65
AFLfast,xmllint,10,1624112050, 0, 5, 36.64
AFLfast,xmllint,10,1624112055, 0, 5, 39.63
AFLfast,xmllint,10,1624112061, 0, 5, 40.80
AFLfast,xmllint,10,1624112066, 0, 5, 40.09
AFLfast,xmllint,10,1624112081, 0, 5, 33.38
AFLfast,xmllint,10,1624112169, 0, 5, 22.21
AFLfast,xmllint,10,1624112179, 0, 5, 25.56
AFLfast,xmllint,10,1624112217, 0, 5, 31.42
AFLfast,xmllint,10,1624112227, 0, 5, 28.51
AFLfast,xmllint,10,1624112238, 0, 5, 29.54
AFLfast,xmllint,10,1624112279, 0, 5, 17.80
AFLfast,xmllint,10,1624112320, 0, 5, 32.96
AFLfast,xmllint,10,1624112330, 0, 5, 38.01
AFLfast,xmllint,10,1624112341, 0, 5, 35.10
AFLfast,xmllint,10,1624112356, 0, 5, 32.27
AFLfast,xmllint,10,1624112366, 0, 5, 26.92
AFLfast,xmllint,10,1624112377, 0, 5, 25.87
AFLfast,xmllint,10,1624112392, 0, 5, 23.93
AFLfast,xmllint,10,1624112418, 0, 5, 36.73
AFLfast,xmllint,10,1624112438, 0, 5, 37.94
AFLfast,xmllint,10,1624112459, 0, 5, 41.23
AFLfast,xmllint,10,1624112470, 0, 5, 24.83
AFLfast,xmllint,10,1624112506, 0, 5, 28.14
AFLfast,xmllint,10,1624112511, 0, 5, 34.90
AFLfast,xmllint,10,1624112555, 0, 5, 26.77
AFLfast,xmllint,10,1624112565, 0, 5, 36.13
AFLfast,xmllint,10,1624112570, 0, 5, 44.95
AFLfast,xmllint,10,1624112597, 0, 5, 25.00
AFLfast,xmllint,10,1624112638, 0, 5, 32.37
AFLfast,xmllint,10,1624112648, 0, 5, 36.09
AFLfast,xmllint,10,1624112669, 0, 5, 36.56
AFLfast,xmllint,10,1624112674, 0, 5, 35.67
AFLfast,xmllint,10,1624112679, 0, 5, 42.88
AFLfast,xmllint,10,1624112689, 0, 5, 36.98
AFLfast,xmllint,10,1624112741, 0, 5, 36.36
AFLfast,xmllint,10,1624112777, 0, 5, 41.03
AFLfast,xmllint,10,1624112782, 0, 5, 48.51
AFLfast,xmllint,10,1624112787, 0, 5, 41.44
AFLfast,xmllint,10,1624112792, 0, 5, 32.91
AFLfast,xmllint,10,1624112797, 0, 5, 35.29
AFLfast,xmllint,10,1624112802, 0, 5, 47.27
AFLfast,xmllint,10,1624112807, 0, 5, 51.56
AFLfast,xmllint,10,1624112813, 0, 5, 49.07
AFLfast,xmllint,10,1624112818, 0, 5, 47.09
AFLfast,xmllint,10,1624112823, 0, 5, 48.14
AFLfast,xmllint,10,1624112828, 0, 5, 49.60
AFLfast,xmllint,10,1624112833, 0, 5, 9.47
AFLfast,xmllint,10,1624112838, 0, 5, 32.49
AFLfast,xmllint,10,1624112844, 0, 5, 39.37
AFLfast,xmllint,10,1624112849, 0, 5, 43.00
AFLfast,xmllint,10,1624112854, 0, 5, 46.83
AFLfast,xmllint,10,1624112859, 0, 5, 35.90
AFLfast,xmllint,10,1624112864, 0, 5, 27.89
AFLfast,xmllint,10,1624112869, 0, 5, 31.87
AFLfast,xmllint,10,1624112875, 0, 5, 32.99
AFLfast,xmllint,10,1624112880, 0, 5, 31.04
AFLfast,xmllint,10,1624112890, 0, 5, 34.92
AFLfast,xmllint,10,1624112895, 0, 5, 44.01
AFLfast,xmllint,10,1624112906, 0, 5, 40.71
AFLfast,xmllint,10,1624112947, 0, 5, 35.10
AFLfast,xmllint,10,1624112952, 0, 5, 39.32
AFLfast,xmllint,10,1624112967, 0, 5, 34.34
AFLfast,xmllint,10,1624112988, 0, 5, 36.98
AFLfast,xmllint,10,1624112993, 0, 5, 38.24
AFLfast,xmllint,10,1624113029, 0, 5, 30.00
AFLfast,xmllint,10,1624113080, 0, 5, 43.54
AFLfast,xmllint,10,1624113085, 0, 5, 33.62
AFLfast,xmllint,10,1624113091, 0, 5, 28.14
AFLfast,xmllint,10,1624113121, 0, 5, 24.66
AFLfast,xmllint,10,1624113126, 0, 5, 1.08
AFLfast,xmllint,10,1624113142, 0, 5, 39.52
AFLfast,xmllint,10,1624113147, 0, 5, 43.36
AFLfast,xmllint,10,1624113162, 0, 5, 43.36
AFLfast,xmllint,10,1624113173, 0, 5, 43.77
AFLfast,xmllint,10,1624113188, 0, 5, 45.42
AFLfast,xmllint,10,1624113193, 0, 5, 45.43
AFLfast,xmllint,10,1624113198, 0, 5, 42.50
AFLfast,xmllint,10,1624113203, 0, 5, 30.65
AFLfast,xmllint,10,1624113208, 0, 5, 27.78
AFLfast,xmllint,10,1624113213, 0, 5, 28.49
AFLfast,xmllint,10,1624113219, 0, 5, 28.05
AFLfast,xmllint,10,1624113224, 0, 5, 26.82
AFLfast,xmllint,10,1624113229, 0, 5, 26.19
AFLfast,xmllint,10,1624113234, 0, 5, 28.64
AFLfast,xmllint,10,1624113239, 0, 5, 27.27
AFLfast,xmllint,10,1624113244, 0, 5, 26.12
AFLfast,xmllint,10,1624113249, 0, 5, 27.57
AFLfast,xmllint,10,1624113255, 0, 5, 26.98
AFLfast,xmllint,10,1624113260, 0, 5, 26.88
AFLfast,xmllint,10,1624113265, 0, 5, 37.02
AFLfast,xmllint,10,1624113270, 0, 5, 45.72
AFLfast,xmllint,10,1624113275, 0, 5, 44.62
AFLfast,xmllint,10,1624113280, 0, 5, 44.99
AFLfast,xmllint,10,1624113286, 0, 5, 45.24
AFLfast,xmllint,10,1624113291, 0, 5, 45.65
AFLfast,xmllint,10,1624113296, 0, 5, 46.51
AFLfast,xmllint,10,1624113301, 0, 5, 46.34
AFLfast,xmllint,10,1624113306, 0, 5, 47.39
AFLfast,xmllint,10,1624113311, 0, 5, 46.87
AFLfast,xmllint,10,1624113316, 0, 5, 46.07
AFLfast,xmllint,10,1624113321, 0, 5, 46.62
AFLfast,xmllint,10,1624113327, 0, 5, 47.15
AFLfast,xmllint,10,1624113332, 0, 5, 47.08
AFLfast,xmllint,10,1624113337, 0, 5, 47.57
AFLfast,xmllint,10,1624113342, 0, 5, 46.31
AFLfast,xmllint,10,1624113347, 0, 5, 46.50
AFLfast,xmllint,10,1624113352, 0, 5, 47.37
AFLfast,xmllint,10,1624113357, 0, 5, 46.23
AFLfast,xmllint,10,1624113362, 0, 5, 44.21
AFLfast,xmllint,10,1624113367, 0, 5, 44.78
AFLfast,xmllint,10,1624113372, 0, 5, 45.26
AFLfast,xmllint,10,1624113378, 0, 5, 45.82
AFLfast,xmllint,10,1624113383, 0, 5, 45.36
AFLfast,xmllint,10,1624113388, 0, 5, 49.30
AFLfast,xmllint,10,1624113393, 0, 5, 49.57
AFLfast,xmllint,10,1624113398, 0, 5, 46.96
AFLfast,xmllint,10,1624113403, 0, 5, 45.95
AFLfast,xmllint,10,1624113408, 0, 5, 45.76
AFLfast,xmllint,10,1624113413, 0, 5, 44.61
AFLfast,xmllint,10,1624113418, 0, 5, 48.98
AFLfast,xmllint,10,1624113423, 0, 5, 48.54
AFLfast,xmllint,10,1624113429, 0, 5, 48.92
AFLfast,xmllint,10,1624113434, 0, 5, 49.83
AFLfast,xmllint,10,1624113439, 0, 5, 48.89
AFLfast,xmllint,10,1624113444, 0, 5, 39.94
AFLfast,xmllint,10,1624113449, 0, 5, 26.86
AFLfast,xmllint,10,1624113454, 0, 5, 27.84
AFLfast,xmllint,10,1624113459, 0, 5, 24.89
AFLfast,xmllint,10,1624113464, 0, 5, 35.38
AFLfast,xmllint,10,1624113469, 0, 5, 45.10
AFLfast,xmllint,10,1624113475, 0, 5, 45.58
AFLfast,xmllint,10,1624113480, 0, 5, 46.28
AFLfast,xmllint,10,1624113485, 0, 5, 44.54
AFLfast,xmllint,10,1624113490, 0, 5, 44.76
AFLfast,xmllint,10,1624113495, 0, 5, 46.54
AFLfast,xmllint,10,1624113500, 0, 5, 45.72
AFLfast,xmllint,10,1624113505, 0, 5, 46.93
AFLfast,xmllint,10,1624113516, 0, 5, 46.93
AFLfast,xmllint,10,1624113521, 0, 5, 47.06
AFLfast,xmllint,10,1624113526, 0, 5, 32.42
AFLfast,xmllint,10,1624113531, 0, 5, 26.87
AFLfast,xmllint,10,1624113536, 0, 5, 11.92
AFLfast,xmllint,10,1624113541, 0, 5, 18.11
AFLfast,xmllint,10,1624113556, 0, 5, 18.30
AFLfast,xmllint,10,1624113572, 0, 5, 22.62
AFLfast,xmllint,10,1624113587, 0, 5, 22.93
AFLfast,xmllint,10,1624113638, 0, 5, 39.49
AFLfast,xmllint,10,1624113643, 0, 5, 36.12
AFLfast,xmllint,10,1624113705, 0, 5, 32.40
AFLfast,xmllint,10,1624113736, 0, 5, 39.49
AFLfast,xmllint,10,1624113741, 0, 5, 43.52
AFLfast,xmllint,10,1624113746, 0, 5, 41.44
AFLfast,xmllint,10,1624113757, 0, 5, 26.01
AFLfast,xmllint,10,1624113762, 0, 5, 24.48
AFLfast,xmllint,10,1624113782, 0, 5, 33.98
AFLfast,xmllint,10,1624113787, 0, 5, 22.86
AFLfast,xmllint,10,1624113797, 0, 5, 32.45
AFLfast,xmllint,10,1624113823, 0, 5, 34.46
AFLfast,xmllint,10,1624113828, 0, 5, 35.44
AFLfast,xmllint,10,1624113833, 0, 5, 35.45
AFLfast,xmllint,10,1624113838, 0, 5, 30.77
AFLfast,xmllint,10,1624113858, 0, 5, 20.63
AFLfast,xmllint,10,1624113863, 0, 5, 20.33
AFLfast,xmllint,10,1624113868, 0, 5, 21.87
AFLfast,xmllint,10,1624113874, 0, 5, 28.76
AFLfast,xmllint,10,1624113879, 0, 5, 24.74
AFLfast,xmllint,10,1624113884, 0, 5, 24.16
AFLfast,xmllint,10,1624113899, 0, 5, 24.88
AFLfast,xmllint,10,1624113910, 0, 5, 24.97
AFLfast,xmllint,10,1624113920, 0, 5, 23.97
AFLfast,xmllint,10,1624113925, 0, 5, 23.97
AFLfast,xmllint,10,1624113945, 0, 5, 21.29
AFLfast,xmllint,10,1624113950, 0, 5, 20.53
AFLfast,xmllint,10,1624114017, 0, 5, 24.59
AFLfast,xmllint,10,1624114033, 0, 5, 24.36
AFLfast,xmllint,10,1624114043, 0, 5, 23.93
AFLfast,xmllint,10,1624114048, 0, 5, 23.57
AFLfast,xmllint,10,1624114058, 0, 5, 20.51
AFLfast,xmllint,10,1624114074, 0, 5, 22.34
AFLfast,xmllint,10,1624114079, 0, 5, 23.16
AFLfast,xmllint,10,1624114084, 0, 5, 24.49
AFLfast,xmllint,10,1624114094, 0, 5, 24.84
AFLfast,xmllint,10,1624114099, 0, 5, 25.35
AFLfast,xmllint,10,1624114105, 0, 5, 21.18
AFLfast,xmllint,10,1624114136, 0, 5, 36.33
AFLfast,xmllint,10,1624114157, 0, 5, 39.41
AFLfast,xmllint,10,1624114162, 0, 5, 39.03
AFLfast,xmllint,10,1624114167, 0, 5, 4.71
AFLfast,xmllint,10,1624114177, 0, 5, 36.07
AFLfast,xmllint,10,1624114182, 0, 5, 39.19
AFLfast,xmllint,10,1624114198, 0, 5, 26.39
AFLfast,xmllint,10,1624114208, 0, 5, 21.18
AFLfast,xmllint,10,1624114214, 0, 5, 22.82
AFLfast,xmllint,10,1624114225, 0, 5, 1.79
AFLfast,xmllint,10,1624114250, 0, 5, 21.91
AFLfast,xmllint,10,1624114276, 0, 5, 20.49
AFLfast,xmllint,10,1624114292, 0, 5, 22.59
AFLfast,xmllint,10,1624114302, 0, 5, 21.04
AFLfast,xmllint,10,1624114313, 0, 5, 21.31
AFLfast,xmllint,10,1624114329, 0, 5, 21.33
AFLfast,xmllint,10,1624114380, 0, 5, 7.45
AFLfast,xmllint,10,1624114660, 0, 5, 9.52
AFLfast,xmllint,10,1624114690, 0, 5, 34.65
AFLfast,xmllint,10,1624114721, 0, 5, 44.10
AFLfast,xmllint,10,1624114726, 0, 5, 45.52
AFLfast,xmllint,10,1624114731, 0, 5, 45.03
AFLfast,xmllint,10,1624114736, 0, 5, 43.01
AFLfast,xmllint,10,1624114742, 0, 5, 44.70
AFLfast,xmllint,10,1624114747, 0, 5, 45.49
AFLfast,xmllint,10,1624114752, 0, 5, 44.91
AFLfast,xmllint,10,1624114757, 0, 5, 45.52
AFLfast,xmllint,10,1624114762, 0, 5, 40.80
AFLfast,xmllint,10,1624114767, 0, 5, 44.33
AFLfast,xmllint,10,1624114772, 0, 5, 37.38
AFLfast,xmllint,10,1624114778, 0, 5, 28.21
AFLfast,xmllint,10,1624114783, 0, 5, 24.21
AFLfast,xmllint,10,1624114788, 0, 5, 24.11
AFLfast,xmllint,10,1624114793, 0, 5, 22.00
AFLfast,xmllint,10,1624114803, 0, 5, 27.35
AFLfast,xmllint,10,1624114808, 0, 5, 25.05
AFLfast,xmllint,10,1624114813, 0, 5, 24.74
AFLfast,xmllint,10,1624114824, 0, 5, 33.77
AFLfast,xmllint,10,1624114870, 0, 5, 26.80
AFLfast,xmllint,10,1624114875, 0, 5, 31.31
AFLfast,xmllint,10,1624114880, 0, 5, 23.47
AFLfast,xmllint,10,1624114885, 0, 5, 18.80
AFLfast,xmllint,10,1624114895, 0, 5, 17.94
AFLfast,xmllint,10,1624114901, 0, 5, 16.65
AFLfast,xmllint,10,1624114916, 0, 5, 17.86
AFLfast,xmllint,10,1624114921, 0, 5, 17.16
AFLfast,xmllint,10,1624114932, 0, 5, 16.59
AFLfast,xmllint,10,1624114937, 0, 5, 14.93
AFLfast,xmllint,10,1624114942, 0, 5, 22.97
AFLfast,xmllint,10,1624114983, 0, 5, 24.39
AFLfast,xmllint,10,1624114998, 0, 5, 23.21
AFLfast,xmllint,10,1624115004, 0, 5, 23.08
AFLfast,xmllint,10,1624115024, 0, 5, 23.37
AFLfast,xmllint,10,1624115041, 0, 6, 1.54
AFLfast,xmllint,10,1624115051, 0, 6, 21.33
AFLfast,xmllint,10,1624115066, 0, 6, 24.08
AFLfast,xmllint,10,1624115087, 0, 6, 26.72
AFLfast,xmllint,10,1624115092, 0, 6, 36.09
AFLfast,xmllint,10,1624115097, 0, 6, 38.50
AFLfast,xmllint,10,1624115123, 0, 6, 37.27
AFLfast,xmllint,10,1624115128, 0, 6, 36.27
AFLfast,xmllint,10,1624115133, 0, 6, 37.52
AFLfast,xmllint,10,1624115159, 0, 6, 14.64
AFLfast,xmllint,10,1624115180, 0, 6, 17.42
AFLfast,xmllint,10,1624115185, 0, 6, 17.57
AFLfast,xmllint,10,1624115190, 0, 6, 17.82
AFLfast,xmllint,10,1624115200, 0, 6, 18.54
AFLfast,xmllint,10,1624115237, 0, 6, 30.74
AFLfast,xmllint,10,1624115247, 0, 6, 25.76
AFLfast,xmllint,10,1624115262, 0, 6, 31.51
AFLfast,xmllint,10,1624115278, 0, 6, 30.95
AFLfast,xmllint,10,1624115288, 0, 6, 22.87
AFLfast,xmllint,10,1624115370, 0, 6, 15.31
AFLfast,xmllint,10,1624115376, 0, 6, 16.97
AFLfast,xmllint,10,1624115381, 0, 6, 18.76
AFLfast,xmllint,10,1624115386, 0, 6, 13.38
AFLfast,xmllint,10,1624115412, 0, 6, 8.85
AFLfast,xmllint,10,1624115417, 0, 6, 8.54
AFLfast,xmllint,10,1624115433, 0, 6, 10.14
AFLfast,xmllint,10,1624115438, 0, 6, 10.31
AFLfast,xmllint,10,1624115444, 0, 6, 9.67
AFLfast,xmllint,10,1624115479, 0, 6, 10.51
AFLfast,xmllint,10,1624115484, 0, 6, 10.35
AFLfast,xmllint,10,1624115531, 0, 6, 20.50
AFLfast,xmllint,10,1624115552, 0, 6, 22.72
AFLfast,xmllint,10,1624115588, 0, 6, 20.32
AFLfast,xmllint,10,1624115732, 0, 6, 12.05
AFLfast,xmllint,10,1624115737, 0, 6, 12.57
AFLfast,xmllint,10,1624115742, 0, 6, 13.15
AFLfast,xmllint,10,1624115752, 0, 6, 14.28
AFLfast,xmllint,10,1624115768, 0, 6, 5.99
AFLfast,xmllint,10,1624115773, 0, 6, 6.64
AFLfast,xmllint,10,1624115795, 0, 6, 7.61
AFLfast,xmllint,10,1624115800, 0, 6, 8.40
AFLfast,xmllint,10,1624115809, 0, 7, 0.20
AFLfast,xmllint,10,1624115850, 0, 7, 7.59
AFLfast,xmllint,10,1624115865, 0, 7, 9.63
AFLfast,xmllint,10,1624115870, 0, 7, 10.93
AFLfast,xmllint,10,1624115984, 0, 7, 10.84
AFLfast,xmllint,10,1624115989, 0, 7, 11.47
AFLfast,xmllint,10,1624115994, 0, 7, 10.05
AFLfast,xmllint,10,1624115999, 0, 7, 9.08
AFLfast,xmllint,10,1624116004, 0, 7, 7.68
AFLfast,xmllint,10,1624116009, 0, 7, 7.49
AFLfast,xmllint,10,1624116015, 0, 7, 8.61
AFLfast,xmllint,10,1624116020, 0, 7, 6.24
AFLfast,xmllint,10,1624116025, 0, 7, 8.20
AFLfast,xmllint,10,1624116030, 0, 7, 7.62
AFLfast,xmllint,10,1624116035, 0, 7, 7.17
AFLfast,xmllint,10,1624116040, 0, 7, 6.89
AFLfast,xmllint,10,1624116045, 0, 7, 7.61
AFLfast,xmllint,10,1624116050, 0, 7, 6.27
AFLfast,xmllint,10,1624116055, 0, 7, 7.82
AFLfast,xmllint,10,1624116061, 0, 7, 8.11
AFLfast,xmllint,10,1624116066, 0, 7, 8.62
AFLfast,xmllint,10,1624116071, 0, 7, 8.86
AFLfast,xmllint,10,1624116076, 0, 7, 7.90
AFLfast,xmllint,10,1624116081, 0, 7, 9.11
AFLfast,xmllint,10,1624116087, 0, 7, 9.56
AFLfast,xmllint,10,1624116092, 0, 7, 8.52
AFLfast,xmllint,10,1624116097, 0, 7, 9.29
AFLfast,xmllint,10,1624116102, 0, 7, 8.43
AFLfast,xmllint,10,1624116113, 0, 7, 8.62
AFLfast,xmllint,10,1624116118, 0, 7, 8.16
AFLfast,xmllint,10,1624116123, 0, 7, 7.42
AFLfast,xmllint,10,1624116128, 0, 7, 8.95
AFLfast,xmllint,10,1624116133, 0, 7, 7.48
AFLfast,xmllint,10,1624116138, 0, 7, 9.26
AFLfast,xmllint,10,1624116143, 0, 7, 8.61
AFLfast,xmllint,10,1624116174, 0, 7, 9.32
AFLfast,xmllint,10,1624116179, 0, 7, 8.34
AFLfast,xmllint,10,1624116185, 0, 7, 16.31
AFLfast,xmllint,10,1624116211, 0, 7, 18.50
AFLfast,xmllint,10,1624116232, 0, 7, 16.97
AFLfast,xmllint,10,1624116252, 0, 7, 19.09
AFLfast,xmllint,10,1624116273, 0, 7, 2.37
AFLfast,xmllint,10,1624116535, 0, 7, 8.12
AFLfast,xmllint,10,1624116541, 0, 7, 12.25
AFLfast,xmllint,10,1624116551, 0, 7, 14.71
AFLfast,xmllint,10,1624116556, 0, 7, 19.14
AFLfast,xmllint,10,1624116561, 0, 7, 14.93
AFLfast,xmllint,10,1624116566, 0, 7, 13.85
AFLfast,xmllint,10,1624116572, 0, 7, 15.01
AFLfast,xmllint,10,1624116577, 0, 7, 13.81
AFLfast,xmllint,10,1624116582, 0, 7, 14.38
AFLfast,xmllint,10,1624116654, 0, 7, 7.69
AFLfast,xmllint,10,1624116670, 0, 7, 8.93
AFLfast,xmllint,10,1624116677, 0, 8, 0.19
AFLfast,xmllint,10,1624116697, 0, 8, 12.74
AFLfast,xmllint,10,1624116702, 0, 8, 10.90
AFLfast,xmllint,10,1624116820, 0, 8, 12.60
AFLfast,xmllint,10,1624116836, 0, 8, 13.78
AFLfast,xmllint,10,1624116846, 0, 8, 14.24
AFLfast,xmllint,10,1624116857, 0, 8, 13.60
AFLfast,xmllint,10,1624116867, 0, 8, 13.14
AFLfast,xmllint,10,1624116930, 0, 8, 13.70
AFLfast,xmllint,10,1624116935, 0, 8, 14.34
AFLfast,xmllint,10,1624116945, 0, 8, 14.09
AFLfast,xmllint,10,1624117075, 0, 8, 1.26
AFLfast,xmllint,10,1624117120, 0, 8, 15.20
AFLfast,xmllint,10,1624117125, 0, 8, 15.08
AFLfast,xmllint,10,1624117182, 0, 8, 13.59
AFLfast,xmllint,10,1624117203, 0, 8, 16.09
AFLfast,xmllint,10,1624117213, 0, 8, 17.34
AFLfast,xmllint,10,1624117218, 0, 8, 15.99
AFLfast,xmllint,10,1624117229, 0, 8, 0.93
AFLfast,xmllint,10,1624117364, 0, 8, 14.79
AFLfast,xmllint,10,1624117374, 0, 8, 16.80
AFLfast,xmllint,10,1624117379, 0, 8, 11.04
AFLfast,xmllint,10,1624117384, 0, 8, 9.95
AFLfast,xmllint,10,1624117431, 0, 8, 10.96
AFLfast,xmllint,10,1624117478, 0, 8, 6.77
AFLfast,xmllint,10,1624117499, 0, 8, 12.99
AFLfast,xmllint,10,1624117581, 0, 8, 13.73
AFLfast,xmllint,10,1624117633, 0, 8, 16.21
AFLfast,xmllint,10,1624117694, 0, 8, 18.99
AFLfast,xmllint,10,1624117710, 0, 8, 2.01
AFLfast,xmllint,10,1624117772, 0, 8, 20.87
AFLfast,xmllint,10,1624117783, 0, 8, 10.29
AFLfast,xmllint,10,1624117896, 0, 8, 14.71
AFLfast,xmllint,10,1624117901, 0, 8, 14.81
AFLfast,xmllint,10,1624117912, 0, 8, 15.15
AFLfast,xmllint,10,1624117927, 0, 8, 15.99
AFLfast,xmllint,10,1624117953, 0, 8, 8.85
AFLfast,xmllint,10,1624117984, 0, 8, 9.13
AFLfast,xmllint,10,1624118010, 0, 8, 15.57
AFLfast,xmllint,10,1624118025, 0, 8, 18.19
AFLfast,xmllint,10,1624118066, 0, 8, 20.60
AFLfast,xmllint,10,1624118072, 0, 8, 25.72
AFLfast,xmllint,10,1624118087, 0, 8, 25.79
AFLfast,xmllint,10,1624118108, 0, 8, 26.41
AFLfast,xmllint,10,1624118113, 0, 8, 26.45
AFLfast,xmllint,10,1624118128, 0, 8, 19.13
AFLfast,xmllint,10,1624118231, 0, 8, 14.14
AFLfast,xmllint,10,1624118252, 0, 8, 19.42
AFLfast,xmllint,10,1624118329, 0, 8, 17.77
AFLfast,xmllint,10,1624118370, 0, 8, 20.18
AFLfast,xmllint,10,1624118375, 0, 8, 17.44
AFLfast,xmllint,10,1624118381, 0, 8, 14.39
AFLfast,xmllint,10,1624118386, 0, 8, 14.81
AFLfast,xmllint,10,1624118433, 0, 8, 26.12
AFLfast,xmllint,10,1624118479, 0, 8, 24.06
AFLfast,xmllint,10,1624118531, 0, 8, 2.32
AFLfast,xmllint,10,1624118541, 0, 8, 20.76
AFLfast,xmllint,10,1624118567, 0, 8, 22.66
AFLfast,xmllint,10,1624118670, 0, 8, 19.94
AFLfast,xmllint,10,1624118681, 0, 8, 10.86
AFLfast,xmllint,10,1624118742, 0, 8, 17.90
AFLfast,xmllint,10,1624118758, 0, 8, 13.61
AFLfast,xmllint,10,1624118814, 0, 8, 25.38
AFLfast,xmllint,10,1624118876, 0, 8, 19.99
AFLfast,xmllint,10,1624118917, 0, 8, 35.77
AFLfast,xmllint,10,1624118922, 0, 8, 38.72
AFLfast,xmllint,10,1624118927, 0, 8, 42.33
AFLfast,xmllint,10,1624118932, 0, 8, 44.33
AFLfast,xmllint,10,1624118937, 0, 8, 45.38
AFLfast,xmllint,10,1624118943, 0, 8, 42.43
AFLfast,xmllint,10,1624118948, 0, 8, 38.42
AFLfast,xmllint,10,1624118953, 0, 8, 28.61
AFLfast,xmllint,10,1624118963, 0, 8, 25.02
AFLfast,xmllint,10,1624118968, 0, 8, 24.95
AFLfast,xmllint,10,1624118973, 0, 8, 28.00
AFLfast,xmllint,10,1624118978, 0, 8, 37.21
AFLfast,xmllint,10,1624118983, 0, 8, 40.83
AFLfast,xmllint,10,1624118989, 0, 8, 43.84
AFLfast,xmllint,10,1624118994, 0, 8, 45.57
AFLfast,xmllint,10,1624118999, 0, 8, 46.37
AFLfast,xmllint,10,1624119004, 0, 8, 46.58
AFLfast,xmllint,10,1624119009, 0, 8, 47.30
AFLfast,xmllint,10,1624119015, 0, 8, 47.40
AFLfast,xmllint,10,1624119020, 0, 8, 47.97
AFLfast,xmllint,10,1624119025, 0, 8, 49.14
AFLfast,xmllint,10,1624119030, 0, 8, 48.62
AFLfast,xmllint,10,1624119035, 0, 8, 39.52
AFLfast,xmllint,10,1624119062, 0, 8, 4.90
AFLfast,xmllint,10,1624119067, 0, 8, 24.42
AFLfast,xmllint,10,1624119087, 0, 8, 21.98
AFLfast,xmllint,10,1624119098, 0, 8, 9.72
AFLfast,xmllint,10,1624119124, 0, 8, 29.78
AFLfast,xmllint,10,1624119141, 0, 8, 27.96
AFLfast,xmllint,10,1624119172, 0, 8, 16.36
AFLfast,xmllint,10,1624119192, 0, 8, 15.53
AFLfast,xmllint,10,1624119224, 0, 8, 32.84
AFLfast,xmllint,10,1624119229, 0, 8, 26.11
AFLfast,xmllint,10,1624119327, 0, 8, 19.54
AFLfast,xmllint,10,1624119332, 0, 8, 24.94
AFLfast,xmllint,10,1624119358, 0, 8, 40.67
AFLfast,xmllint,10,1624119373, 0, 8, 40.26
AFLfast,xmllint,10,1624119384, 0, 8, 42.00
AFLfast,xmllint,10,1624119389, 0, 8, 44.32
AFLfast,xmllint,10,1624119399, 0, 8, 7.96
AFLfast,xmllint,10,1624119544, 0, 8, 34.76
AFLfast,xmllint,10,1624119549, 0, 8, 32.68
AFLfast,xmllint,10,1624119559, 0, 8, 25.49
AFLfast,xmllint,10,1624119564, 0, 8, 24.78
AFLfast,xmllint,10,1624119569, 0, 8, 22.91
AFLfast,xmllint,10,1624119575, 0, 8, 24.00
AFLfast,xmllint,10,1624119590, 0, 8, 24.76
AFLfast,xmllint,10,1624119600, 0, 8, 29.86
AFLfast,xmllint,10,1624119611, 0, 8, 24.84
AFLfast,xmllint,10,1624119626, 0, 8, 24.03
AFLfast,xmllint,10,1624119631, 0, 8, 22.21
AFLfast,xmllint,10,1624119636, 0, 8, 21.27
AFLfast,xmllint,10,1624119641, 0, 8, 21.41
AFLfast,xmllint,10,1624119688, 0, 8, 37.14
AFLfast,xmllint,10,1624119703, 0, 8, 40.38
AFLfast,xmllint,10,1624119708, 0, 8, 41.81
AFLfast,xmllint,10,1624119724, 0, 8, 39.04
AFLfast,xmllint,10,1624119734, 0, 8, 46.05
AFLfast,xmllint,10,1624119739, 0, 8, 45.76
AFLfast,xmllint,10,1624119760, 0, 8, 25.09
AFLfast,xmllint,10,1624119780, 0, 8, 24.90
AFLfast,xmllint,10,1624119791, 0, 8, 23.88
AFLfast,xmllint,10,1624119796, 0, 8, 24.18
AFLfast,xmllint,10,1624119801, 0, 8, 24.53
AFLfast,xmllint,10,1624119811, 0, 8, 24.28
AFLfast,xmllint,10,1624119852, 0, 8, 41.05
AFLfast,xmllint,10,1624119883, 0, 8, 41.93
AFLfast,xmllint,10,1624119904, 0, 8, 18.30
AFLfast,xmllint,10,1624119909, 0, 8, 22.77
AFLfast,xmllint,10,1624119935, 0, 8, 43.04
AFLfast,xmllint,10,1624119945, 0, 8, 45.23
AFLfast,xmllint,10,1624119950, 0, 8, 46.69
AFLfast,xmllint,10,1624119955, 0, 8, 46.43
AFLfast,xmllint,10,1624119971, 0, 8, 1.88
AFLfast,xmllint,10,1624119981, 0, 8, 47.60
AFLfast,xmllint,10,1624120002, 0, 8, 2.79
AFLfast,xmllint,10,1624120007, 0, 8, 24.78
AFLfast,xmllint,10,1624120012, 0, 8, 24.95
AFLfast,xmllint,10,1624120017, 0, 8, 23.00
AFLfast,xmllint,10,1624120023, 0, 8, 24.33
AFLfast,xmllint,10,1624120028, 0, 8, 24.41
AFLfast,xmllint,10,1624120033, 0, 8, 7.68
AFLfast,xmllint,10,1624120043, 0, 8, 13.94
AFLfast,xmllint,10,1624120048, 0, 8, 14.38
AFLfast,xmllint,10,1624120058, 0, 8, 28.21
AFLfast,xmllint,10,1624120063, 0, 8, 32.01
AFLfast,xmllint,10,1624120069, 0, 8, 37.68
AFLfast,xmllint,10,1624120074, 0, 8, 44.20
AFLfast,xmllint,10,1624120079, 0, 8, 41.88
AFLfast,xmllint,10,1624120084, 0, 8, 40.77
AFLfast,xmllint,10,1624120089, 0, 8, 41.61
AFLfast,xmllint,10,1624120094, 0, 8, 41.04
AFLfast,xmllint,10,1624120099, 0, 8, 39.46
AFLfast,xmllint,10,1624120105, 0, 8, 40.60
AFLfast,xmllint,10,1624120116, 0, 8, 5.20
AFLfast,xmllint,10,1624120121, 0, 8, 26.33
AFLfast,xmllint,10,1624120127, 0, 8, 24.48
AFLfast,xmllint,10,1624120132, 0, 8, 24.73
AFLfast,xmllint,10,1624120142, 0, 8, 29.90
AFLfast,xmllint,10,1624120147, 0, 8, 41.93
AFLfast,xmllint,10,1624120152, 0, 8, 39.99
AFLfast,xmllint,10,1624120163, 0, 8, 39.51
AFLfast,xmllint,10,1624120168, 0, 8, 37.01
AFLfast,xmllint,10,1624120204, 0, 8, 21.20
AFLfast,xmllint,10,1624120214, 0, 8, 16.17
AFLfast,xmllint,10,1624120301, 0, 8, 27.95
AFLfast,xmllint,10,1624120327, 0, 8, 11.23
AFLfast,xmllint,10,1624120337, 0, 8, 14.48
AFLfast,xmllint,10,1624120343, 0, 8, 2.88
AFLfast,xmllint,10,1624120389, 0, 8, 35.16
AFLfast,xmllint,10,1624120394, 0, 8, 44.96
AFLfast,xmllint,10,1624120405, 0, 8, 48.36
AFLfast,xmllint,10,1624120410, 0, 8, 46.36
AFLfast,xmllint,10,1624120415, 0, 8, 46.63
AFLfast,xmllint,10,1624120446, 0, 8, 1.66
AFLfast,xmllint,10,1624120456, 0, 8, 23.33
AFLfast,xmllint,10,1624120461, 0, 8, 23.67
AFLfast,xmllint,10,1624120487, 0, 8, 39.14
AFLfast,xmllint,10,1624120492, 0, 8, 42.44
AFLfast,xmllint,10,1624120497, 0, 8, 43.12
AFLfast,xmllint,10,1624120502, 0, 8, 42.42
AFLfast,xmllint,10,1624120507, 0, 8, 44.18
AFLfast,xmllint,10,1624120538, 0, 8, 44.26
AFLfast,xmllint,10,1624120564, 0, 8, 16.65
AFLfast,xmllint,10,1624120620, 0, 8, 43.24
AFLfast,xmllint,10,1624120630, 0, 8, 44.29
AFLfast,xmllint,10,1624120635, 0, 8, 45.42
AFLfast,xmllint,10,1624120645, 0, 8, 39.05
AFLfast,xmllint,10,1624120650, 0, 8, 28.24
AFLfast,xmllint,10,1624120666, 0, 8, 23.59
AFLfast,xmllint,10,1624120681, 0, 8, 41.17
AFLfast,xmllint,10,1624120686, 0, 8, 42.71
AFLfast,xmllint,10,1624120702, 0, 8, 44.56
AFLfast,xmllint,10,1624120712, 0, 8, 44.64
AFLfast,xmllint,10,1624120717, 0, 8, 44.25
AFLfast,xmllint,10,1624120727, 0, 8, 46.02
AFLfast,xmllint,10,1624120732, 0, 8, 40.98
AFLfast,xmllint,10,1624120769, 0, 8, 4.18
AFLfast,xmllint,10,1624120780, 0, 8, 22.34
AFLfast,xmllint,10,1624120785, 0, 8, 21.92
AFLfast,xmllint,10,1624120790, 0, 8, 22.48
AFLfast,xmllint,10,1624120795, 0, 8, 22.08
AFLfast,xmllint,10,1624120800, 0, 8, 22.73
AFLfast,xmllint,10,1624120810, 0, 8, 23.52
AFLfast,xmllint,10,1624120836, 0, 8, 30.51
AFLfast,xmllint,10,1624120862, 0, 8, 25.26
AFLfast,xmllint,10,1624120877, 0, 8, 24.50
AFLfast,xmllint,10,1624120903, 0, 8, 24.61
AFLfast,xmllint,10,1624120908, 0, 8, 24.12
AFLfast,xmllint,10,1624120928, 0, 8, 24.51
AFLfast,xmllint,10,1624120934, 0, 8, 23.97
AFLfast,xmllint,10,1624120939, 0, 8, 29.58
AFLfast,xmllint,10,1624120949, 0, 8, 35.33
AFLfast,xmllint,10,1624120964, 0, 8, 41.84
AFLfast,xmllint,10,1624120969, 0, 8, 44.78
AFLfast,xmllint,10,1624120975, 0, 8, 44.58
AFLfast,xmllint,10,1624120985, 0, 8, 45.04
AFLfast,xmllint,10,1624120995, 0, 8, 47.69
AFLfast,xmllint,10,1624121011, 0, 8, 33.92
AFLfast,xmllint,10,1624121042, 0, 8, 28.18
AFLfast,xmllint,10,1624121058, 0, 8, 22.93
AFLfast,xmllint,10,1624121078, 0, 8, 41.79
AFLfast,xmllint,10,1624121099, 0, 8, 40.56
AFLfast,xmllint,10,1624121104, 0, 8, 41.84
AFLfast,xmllint,10,1624121109, 0, 8, 42.64
AFLfast,xmllint,10,1624121129, 0, 8, 44.09
AFLfast,xmllint,10,1624121150, 0, 8, 26.29
AFLfast,xmllint,10,1624121186, 0, 8, 29.75
AFLfast,xmllint,10,1624121202, 0, 8, 46.13
AFLfast,xmllint,10,1624121207, 0, 8, 45.92
AFLfast,xmllint,10,1624121212, 0, 8, 46.63
AFLfast,xmllint,10,1624121232, 0, 8, 42.75
AFLfast,xmllint,10,1624121238, 0, 8, 46.08
AFLfast,xmllint,10,1624121248, 0, 8, 37.10
AFLfast,xmllint,10,1624121263, 0, 8, 24.47
AFLfast,xmllint,10,1624121299, 0, 8, 41.30
AFLfast,xmllint,10,1624121305, 0, 8, 41.63
AFLfast,xmllint,10,1624121315, 0, 8, 45.83
AFLfast,xmllint,10,1624121320, 0, 8, 45.48
AFLfast,xmllint,10,1624121341, 0, 8, 40.84
AFLfast,xmllint,10,1624121387, 0, 8, 3.64
AFLfast,xmllint,10,1624121418, 0, 8, 40.69
AFLfast,xmllint,10,1624121424, 0, 8, 44.65
AFLfast,xmllint,10,1624121429, 0, 8, 43.12
AFLfast,xmllint,10,1624121434, 0, 8, 45.14
AFLfast,xmllint,10,1624121465, 0, 8, 25.82
AFLfast,xmllint,10,1624121491, 0, 8, 25.73
AFLfast,xmllint,10,1624121511, 0, 8, 44.06
AFLfast,xmllint,10,1624121522, 0, 8, 43.96
AFLfast,xmllint,10,1624121537, 0, 8, 46.44
AFLfast,xmllint,10,1624121553, 0, 8, 28.78
AFLfast,xmllint,10,1624121558, 0, 8, 26.47
AFLfast,xmllint,10,1624121563, 0, 8, 25.76
AFLfast,xmllint,10,1624121568, 0, 8, 37.80
AFLfast,xmllint,10,1624121573, 0, 8, 46.38
AFLfast,xmllint,10,1624121578, 0, 8, 44.93
AFLfast,xmllint,10,1624121583, 0, 8, 43.54
AFLfast,xmllint,10,1624121589, 0, 8, 46.65
AFLfast,xmllint,10,1624121594, 0, 8, 44.30
AFLfast,xmllint,10,1624121599, 0, 8, 46.27
AFLfast,xmllint,10,1624121604, 0, 8, 47.74
AFLfast,xmllint,10,1624121609, 0, 8, 44.49
AFLfast,xmllint,10,1624121614, 0, 8, 6.31
AFLfast,xmllint,10,1624121619, 0, 8, 45.04
AFLfast,xmllint,10,1624121630, 0, 8, 19.41
AFLfast,xmllint,10,1624121645, 0, 8, 30.93
AFLfast,xmllint,10,1624121660, 0, 8, 34.05
AFLfast,xmllint,10,1624121671, 0, 8, 37.41
AFLfast,xmllint,10,1624121681, 0, 8, 10.45
AFLfast,xmllint,10,1624121763, 0, 8, 19.84
AFLfast,xmllint,10,1624121768, 0, 8, 17.21
AFLfast,xmllint,10,1624121825, 0, 8, 22.90
AFLfast,xmllint,10,1624121861, 0, 8, 38.08
AFLfast,xmllint,10,1624121866, 0, 8, 26.49
AFLfast,xmllint,10,1624121902, 0, 8, 23.10
AFLfast,xmllint,10,1624121912, 0, 8, 33.06
AFLfast,xmllint,10,1624121928, 0, 8, 16.68
AFLfast,xmllint,10,1624121949, 0, 8, 17.07
AFLfast,xmllint,10,1624121959, 0, 8, 11.84
AFLfast,xmllint,10,1624122020, 0, 8, 28.47
AFLfast,xmllint,10,1624122071, 0, 8, 32.88
AFLfast,xmllint,10,1624122087, 0, 8, 21.80
AFLfast,xmllint,10,1624122163, 0, 8, 24.62
AFLfast,xmllint,10,1624122174, 0, 8, 38.04
AFLfast,xmllint,10,1624122189, 0, 8, 27.94
AFLfast,xmllint,10,1624122333, 0, 8, 13.89
AFLfast,xmllint,10,1624122349, 0, 8, 9.85
AFLfast,xmllint,10,1624122364, 0, 8, 13.70
AFLfast,xmllint,10,1624122385, 0, 8, 14.86
AFLfast,xmllint,10,1624122406, 0, 8, 16.24
AFLfast,xmllint,10,1624122454, 0, 8, 0.22
AFLfast,xmllint,10,1624127844, 0, 8, 11.38
AFLfast,xmllint,10,1624127912, 0, 8, 22.93
AFLfast,xmllint,10,1624128000, 0, 8, 15.99
AFLfast,xmllint,10,1624128065, 0, 8, 0.25
AFLfast,xmllint,10,1624128089, 0, 8, 15.24
AFLfast,xmllint,10,1624128110, 0, 8, 20.23
AFLfast,xmllint,10,1624128115, 0, 8, 17.96
AFLfast,xmllint,10,1624128120, 0, 8, 15.28
AFLfast,xmllint,10,1624128125, 0, 8, 23.54
AFLfast,xmllint,10,1624128130, 0, 8, 26.09
AFLfast,xmllint,10,1624128135, 0, 8, 19.41
AFLfast,xmllint,10,1624128203, 0, 8, 25.86
AFLfast,xmllint,10,1624128208, 0, 8, 25.47
AFLfast,xmllint,10,1624128417, 0, 8, 18.68
AFLfast,xmllint,10,1624128422, 0, 8, 20.84
AFLfast,xmllint,10,1624128428, 0, 8, 22.90
AFLfast,xmllint,10,1624128433, 0, 8, 25.56
AFLfast,xmllint,10,1624128438, 0, 8, 26.39
AFLfast,xmllint,10,1624128443, 0, 8, 24.68
AFLfast,xmllint,10,1624128453, 0, 8, 24.12
AFLfast,xmllint,10,1624128458, 0, 8, 9.99
AFLfast,xmllint,10,1624128469, 0, 8, 20.88
AFLfast,xmllint,10,1624128494, 0, 8, 13.19
AFLfast,xmllint,10,1624128499, 0, 8, 13.70
AFLfast,xmllint,10,1624128515, 0, 8, 0.96
AFLfast,xmllint,10,1624128557, 0, 8, 4.31
AFLfast,xmllint,10,1624128747, 0, 8, 8.66
AFLfast,xmllint,10,1624128788, 0, 8, 29.02
AFLfast,xmllint,10,1624128839, 0, 8, 37.37
AFLfast,xmllint,10,1624128844, 0, 8, 36.22
AFLfast,xmllint,10,1624128849, 0, 8, 36.04
AFLfast,xmllint,10,1624128865, 0, 8, 36.59
AFLfast,xmllint,10,1624128870, 0, 8, 37.49
AFLfast,xmllint,10,1624128875, 0, 8, 3.84
AFLfast,xmllint,10,1624128963, 0, 8, 23.26
AFLfast,xmllint,10,1624128983, 0, 8, 21.97
AFLfast,xmllint,10,1624129009, 0, 8, 29.28
AFLfast,xmllint,10,1624129225, 0, 8, 18.12
AFLfast,xmllint,10,1624129240, 0, 8, 23.56
AFLfast,xmllint,10,1624129261, 0, 8, 19.59
AFLfast,xmllint,10,1624129302, 0, 8, 44.16
AFLfast,xmllint,10,1624129307, 0, 8, 18.56
AFLfast,xmllint,10,1624129312, 0, 8, 34.38
AFLfast,xmllint,10,1624129317, 0, 8, 43.84
AFLfast,xmllint,10,1624129322, 0, 8, 42.35
AFLfast,xmllint,10,1624129328, 0, 8, 41.62
AFLfast,xmllint,10,1624129333, 0, 8, 35.91
AFLfast,xmllint,10,1624129338, 0, 8, 28.99
AFLfast,xmllint,10,1624129343, 0, 8, 26.72
AFLfast,xmllint,10,1624129348, 0, 8, 26.63
AFLfast,xmllint,10,1624129353, 0, 8, 26.04
AFLfast,xmllint,10,1624129358, 0, 8, 24.55
AFLfast,xmllint,10,1624129363, 0, 8, 23.49
AFLfast,xmllint,10,1624129368, 0, 8, 32.83
AFLfast,xmllint,10,1624129379, 0, 8, 44.15
AFLfast,xmllint,10,1624129389, 0, 8, 40.52
AFLfast,xmllint,10,1624129399, 0, 8, 32.84
AFLfast,xmllint,10,1624129404, 0, 8, 27.53
AFLfast,xmllint,10,1624129415, 0, 8, 17.08
AFLfast,xmllint,10,1624129595, 0, 8, 19.81
AFLfast,xmllint,10,1624129626, 0, 8, 31.36
AFLfast,xmllint,10,1624129636, 0, 8, 35.76
AFLfast,xmllint,10,1624129641, 0, 8, 36.51
AFLfast,xmllint,10,1624129652, 0, 8, 39.55
AFLfast,xmllint,10,1624129657, 0, 8, 40.00
AFLfast,xmllint,10,1624129662, 0, 8, 34.95
AFLfast,xmllint,10,1624129759, 0, 8, 4.76
AFLfast,xmllint,10,1624129806, 0, 8, 32.77
AFLfast,xmllint,10,1624129842, 0, 8, 25.21
AFLfast,xmllint,10,1624129852, 0, 8, 32.98
AFLfast,xmllint,10,1624129862, 0, 8, 38.58
AFLfast,xmllint,10,1624129868, 0, 8, 46.93
AFLfast,xmllint,10,1624129883, 0, 8, 7.21
AFLfast,xmllint,10,1624130001, 0, 8, 20.31
AFLfast,xmllint,10,1624130007, 0, 8, 23.81
AFLfast,xmllint,10,1624130012, 0, 8, 25.69
AFLfast,xmllint,10,1624130017, 0, 8, 23.70
AFLfast,xmllint,10,1624130033, 0, 8, 26.45
AFLfast,xmllint,10,1624130038, 0, 8, 26.08
AFLfast,xmllint,10,1624130053, 0, 8, 17.38
AFLfast,xmllint,10,1624130074, 0, 8, 18.89
AFLfast,xmllint,10,1624130141, 0, 8, 23.47
AFLfast,xmllint,10,1624130151, 0, 8, 17.23
AFLfast,xmllint,10,1624130224, 0, 8, 27.26
AFLfast,xmllint,10,1624130240, 0, 8, 25.59
AFLfast,xmllint,10,1624130250, 0, 8, 29.67
AFLfast,xmllint,10,1624130265, 0, 8, 30.59
AFLfast,xmllint,10,1624130270, 0, 8, 30.45
AFLfast,xmllint,10,1624130275, 0, 8, 31.69
AFLfast,xmllint,10,1624130280, 0, 8, 28.62
AFLfast,xmllint,10,1624130362, 0, 8, 32.39
AFLfast,xmllint,10,1624130377, 0, 8, 39.61
AFLfast,xmllint,10,1624130388, 0, 8, 40.59
AFLfast,xmllint,10,1624130398, 0, 8, 41.00
AFLfast,xmllint,10,1624130403, 0, 8, 40.55
AFLfast,xmllint,10,1624130413, 0, 8, 40.88
AFLfast,xmllint,10,1624130418, 0, 8, 33.78
AFLfast,xmllint,10,1624130429, 0, 8, 9.61
AFLfast,xmllint,10,1624130492, 0, 8, 12.51
AFLfast,xmllint,10,1624130599, 0, 8, 23.66
AFLfast,xmllint,10,1624130604, 0, 8, 26.80
AFLfast,xmllint,10,1624130610, 0, 8, 25.87
AFLfast,xmllint,10,1624130640, 0, 8, 2.30
AFLfast,xmllint,10,1624130646, 0, 8, 16.78
AFLfast,xmllint,10,1624130651, 0, 8, 15.45
AFLfast,xmllint,10,1624130661, 0, 8, 14.84
AFLfast,xmllint,10,1624130686, 0, 8, 13.53
AFLfast,xmllint,10,1624130692, 0, 8, 14.57
AFLfast,xmllint,10,1624130727, 0, 8, 33.57
AFLfast,xmllint,10,1624130738, 0, 8, 41.98
AFLfast,xmllint,10,1624130743, 0, 8, 43.07
AFLfast,xmllint,10,1624130748, 0, 8, 43.12
AFLfast,xmllint,10,1624130753, 0, 8, 43.63
AFLfast,xmllint,10,1624130779, 0, 8, 43.91
AFLfast,xmllint,10,1624130784, 0, 8, 27.43
AFLfast,xmllint,10,1624130892, 0, 8, 21.74
AFLfast,xmllint,10,1624130897, 0, 8, 26.57
AFLfast,xmllint,10,1624130908, 0, 8, 29.51
AFLfast,xmllint,10,1624130913, 0, 8, 29.89
AFLfast,xmllint,10,1624130928, 0, 8, 31.66
AFLfast,xmllint,10,1624130938, 0, 8, 30.19
AFLfast,xmllint,10,1624130949, 0, 8, 21.46
AFLfast,xmllint,10,1624131062, 0, 8, 21.95
AFLfast,xmllint,10,1624131067, 0, 8, 30.85
AFLfast,xmllint,10,1624131087, 0, 8, 20.53
AFLfast,xmllint,10,1624131092, 0, 8, 19.97
AFLfast,xmllint,10,1624131113, 0, 8, 18.93
AFLfast,xmllint,10,1624131118, 0, 8, 18.54
AFLfast,xmllint,10,1624131134, 0, 8, 23.56
AFLfast,xmllint,10,1624131144, 0, 8, 49.37
AFLfast,xmllint,10,1624131149, 0, 8, 52.49
AFLfast,xmllint,10,1624131154, 0, 8, 52.85
AFLfast,xmllint,10,1624131159, 0, 8, 6.80
AFLfast,xmllint,10,1624131165, 0, 8, 57.42
AFLfast,xmllint,10,1624131180, 0, 8, 53.59
AFLfast,xmllint,10,1624131191, 0, 8, 45.39
AFLfast,xmllint,10,1624131214, 0, 8, 0.96
AFLfast,xmllint,10,1624131235, 0, 8, 29.63
AFLfast,xmllint,10,1624131282, 0, 8, 50.34
AFLfast,xmllint,10,1624131297, 0, 8, 50.07
AFLfast,xmllint,10,1624131358, 0, 8, 23.13
AFLfast,xmllint,10,1624131363, 0, 8, 27.60
AFLfast,xmllint,10,1624131368, 0, 8, 32.58
AFLfast,xmllint,10,1624131373, 0, 8, 26.86
AFLfast,xmllint,10,1624131384, 0, 8, 34.13
AFLfast,xmllint,10,1624131389, 0, 8, 34.93
AFLfast,xmllint,10,1624131394, 0, 8, 33.89
AFLfast,xmllint,10,1624131410, 0, 8, 21.86
AFLfast,xmllint,10,1624131415, 0, 8, 17.08
AFLfast,xmllint,10,1624131517, 0, 8, 24.41
AFLfast,xmllint,10,1624131528, 0, 8, 39.85
AFLfast,xmllint,10,1624131533, 0, 8, 41.02
AFLfast,xmllint,10,1624131543, 0, 8, 42.26
AFLfast,xmllint,10,1624131548, 0, 8, 44.75
AFLfast,xmllint,10,1624131553, 0, 8, 46.04
AFLfast,xmllint,10,1624131558, 0, 8, 47.72
AFLfast,xmllint,10,1624131599, 0, 8, 4.12
AFLfast,xmllint,10,1624131615, 0, 8, 6.98
AFLfast,xmllint,10,1624131635, 0, 8, 31.87
AFLfast,xmllint,10,1624131686, 0, 8, 32.80
AFLfast,xmllint,10,1624131691, 0, 8, 37.89
AFLfast,xmllint,10,1624131696, 0, 8, 34.30
AFLfast,xmllint,10,1624131707, 0, 8, 26.98
AFLfast,xmllint,10,1624131712, 0, 8, 28.77
AFLfast,xmllint,10,1624131722, 0, 8, 23.98
AFLfast,xmllint,10,1624131748, 0, 8, 8.08
AFLfast,xmllint,10,1624131809, 0, 8, 27.67
AFLfast,xmllint,10,1624131819, 0, 8, 39.93
AFLfast,xmllint,10,1624131830, 0, 8, 35.38
AFLfast,xmllint,10,1624131835, 0, 8, 24.34
AFLfast,xmllint,10,1624131850, 0, 8, 18.52
